1171714112 107
-416125112 100
-1225351948 378
-1535979688 343
1544768116 371
1112407495 44
-2033074481 163
1797910923 46
1637660762 376
490451487 182
-1359617436 52
-1680125823 286
2017550050 36
-1962658231 205
1636632443 356
556630063 157
1305170310 298
907486034 128
-1310307884 18
-233875790 241
-1934802468 209
-605246156 48
94317435 65
-1346483526 370
562793019 251
-81988562 131
-108903483 273
1611244314 77
1129782406 37
-1273199064 190
1682490282 316
283109119 287
1266065405 278
-480562010 378
-1385422141 70
-1011104947 288
-1748482345 293
-165000045 260
-877922796 20
1335006602 102
-1417163588 302
-1628230696 347
-2118168560 172
321688859 262
-1154362100 214
-982566089 30
-1076218670 46
1858578884 370
-844375554 242
476366943 89
-86353169 67
-706955554 42
-863573804 141
-1406612853 131
462345124 193
-222193189 13
1270705606 4
-1400426504 298
2126484119 260
1172558238 350
1562597356 186
-1819567874 156
141956612 1
-2020382757 296
-654272128 170
1449412521 255
934007225 355
1150560369 284
-355855298 378
1407687896 34
1542621403 50
1610569442 365
-749266657 385
2111244588 152
1416202812 291
1782669398 332
981849401 126
-19117729 151
2093631180 212
-1177098165 238
-997295834 318
-467569577 251
-262154229 113
2050278028 93
-1186381635 376
-1423170166 298
2011797897 29
-2019569812 40
-1580585245 303
-1179688379 129
-2036729643 321
-1554383933 327
529048446 211
210787678 281
-298191932 96
1508671292 167
-1741034359 8
2084749580 8
-24695261 291
-1909091738 297
2070688263 389
-771377534 366
1381959679 291
-1156693445 116
-1487449531 268
-595427997 385
512125551 33
1028375296 178
-1325634550 37
1052240008 87
1680524031 161
-1263876480 174
1869343396 68
-156471807 157
396183062 270
1109752186 132
-922595297 171
236863042 311
1281869675 154
-1499742077 186
976185915 397
723785661 246
-1951502702 328
-329816105 295
-1133937052 156
494477812 387
1989404052 325
1451158969 122
-346458092 196
-1024631325 343
-1832776968 4
726556464 119
1255880012 393
-822974060 40
2128479951 108
-703871739 96
1341172228 204
2079153310 88
1318807783 191
-1507011450 229
-1016294241 42
729808517 301
299949838 207
1064182653 275
1944848994 42
-1625071984 235
45471625 351
-1352770018 289
-1183404314 96
-453885591 290
1134660024 107
-1014568388 245
111604378 183
-1055967269 244
-1641856476 90
-886980065 66
-84377194 253
1926985388 119
1640487444 24
-1735731205 211
767955298 121
1906715081 263
1340769649 143
-1861487673 124
1098974353 392
1633241696 141
944147959 100
582373223 348
485472270 194
415858471 265
1749454345 351
-1008380022 18
724261682 136
-80235516 18
711047586 369
-1874009581 123
-1016555054 25
626390503 145
752552510 302
1292377376 249
-531944875 321
50370425 87
1551420355 396
-620797853 163
46289969 113
970348525 122
-429602329 310
1128724720 327
507470375 260
1766953878 334
-426996893 66
-334873889 61
2068148145 36
1795912330 189
669280908 15
1373391029 266
1027622177 220
1413166876 387
357640234 9
1616384571 169
