1883007635 22
539218475 24
757819722 196
-603934348 77
-1351867560 157
1109802172 145
-1593393509 103
-2138494827 70
2121409931 188
-145580384 127
1713710550 26
1702929283 151
145561946 44
1950546146 139
-612230062 92
-634030341 169
1423510078 184
-759613232 198
898502989 3
-2130827679 71
-380715597 76
901397447 134
-1425948630 200
1612522059 38
-1184328592 1
826100752 74
109769309 19
1299832776 195
43712237 21
-1216632601 36
1615799528 169
-1141960386 119
-95502505 112
755479535 133
-71641073 62
-1583628247 189
-120227602 10
-408753969 189
-1479913234 131
525871703 133
1159174014 24
-344047065 72
-1382926249 142
-412334954 183
-29718775 82
-1725527542 77
142011001 86
-693519472 52
-1409219587 186
1453671760 195
-1950276662 83
-1869169055 38
1539272343 183
407225911 20
1695822128 26
-162956380 129
1593366407 55
-328161077 138
-1904227238 163
-2031396904 108
1294271943 90
-863878934 193
874063579 149
-557380406 147
1062525280 143
98738158 153
-1718535081 22
-622193040 97
1019814077 88
-554424296 175
2026732466 192
-1875830653 11
-403252869 199
-885731421 188
-2120348683 74
-61040184 55
1841340975 2
-1724424501 3
164263008 117
-868064506 41
-2118700993 53
1266451763 144
-1815019374 198
-270351424 26
-1636723531 79
-493582221 8
1346816329 137
-595309274 178
468029327 195
1372674244 11
-176836045 3
-1367467771 139
-2023302383 178
1057417725 149
-1835863877 171
1006734902 15
1077834593 106
918968701 37
1970244943 173
-1138465865 190
