1580996248 737
1012536910 780
-1322659459 606
179533886 157
616686455 665
74729216 1374
-334421452 1111
-497755608 609
426019229 294
646468355 800
-787538158 697
1585785251 1506
54110748 785
1477393358 1002
2100845432 1588
84899503 728
-365665282 269
910716522 966
-976330440 1404
151583923 563
-1096907263 318
702041382 696
1509027862 335
813902275 1440
-1615216551 1150
692563482 412
-1925805226 1500
-1118846407 792
1949088460 457
-1468595827 363
1548312181 1061
-465232014 1476
-168167055 1380
465310137 1103
1073120546 1020
-1233405903 1456
-35228876 457
-1941417785 1196
-954632638 1108
1592833291 162
-944375770 1547
-447594159 1541
68280080 616
1411790928 315
-999276538 468
640332287 763
-1162151935 912
-1137416841 249
-1359097932 316
-102774354 1040
1879836131 467
-108812281 632
240139844 677
-625571305 76
612275335 1429
614089158 141
-1507620343 1291
-1446823633 999
823027001 501
1668654016 804
787216161 71
-1271916118 824
-839323753 227
-120053279 670
421422416 332
904984859 1193
888727640 817
-1552540174 395
772240215 1340
-46713406 646
-935985207 1015
-320865298 1264
1887874286 322
-756002397 393
13097994 816
1047304701 949
-973478858 312
1302367919 1300
-2118485777 1517
1338965623 383
45330249 1234
1280910044 1400
-2124538146 928
926932923 831
1543249277 61
23948683 690
-331630834 855
1581889408 721
-1460372597 936
-1209801850 1031
197859911 840
-1477798940 319
-950418827 1074
-671168417 301
-469891100 734
-550772123 726
-1502921045 936
-1471704280 1439
194123773 455
-1454337087 1314
1187095141 1032
5742461 1509
318797376 41
797367232 785
-527567041 104
1634922286 809
403900668 121
311007630 96
-37636099 714
459087358 1580
-1034988336 1279
1426410208 981
-1483191780 1590
-2121177326 1413
1955447692 89
1847705112 1316
-1850879231 537
909166731 759
-1680468773 49
-463556826 53
1911622008 95
-1623501667 1403
-1719165541 281
519050482 449
425863054 1539
1374049109 1305
-137187574 511
-639562810 873
-1938097201 1177
-539644928 863
-2021387119 1405
907785039 1058
834590415 1301
2014709319 1375
1696926400 1236
1555784204 226
-1630855032 522
1820752809 1415
844320643 1545
-2145028494 344
921718071 1130
1121308920 1245
618422421 3
394166599 1430
203827931 372
2119164017 576
-65706591 1210
1917086678 1326
1110692632 1105
1230980825 176
-1285819885 1118
569941622 918
933898722 58
527315488 1546
-601549208 86
-1240050412 1453
600661872 2
-356391122 1203
-1740866365 539
-1865553390 784
929041891 39
1689086991 670
-942305446 271
-806077663 542
-1094634890 1574
1614925695 7
-853144564 1561
-868777016 1009
-718793304 733
-165738148 1396
-1526865173 303
1637596239 693
657517146 1556
-1152555876 1076
1552301161 1412
885492957 311
-887708865 740
1722052247 667
-1333280371 409
-1181466290 654
80712653 1099
-673254250 1382
-1578014207 1405
-274400538 704
-365877820 808
-1844730713 730
2139252237 925
1073371533 963
1156747185 209
2000023139 1472
-316050818 751
1268543317 141
582723584 976
2040485602 950
-1621893510 740
-931960709 210
-1670418684 1099
-362534051 1080
-614921693 633
2142968682 1063
1364665383 600
-168933812 1379
-1482386162 477
-1717693570 1114
-1367048444 1559
1655208419 435
536091807 1044
-1266726303 211
-1193212702 763
1317887421 438
1874102627 671
1743979675 46
-555822502 1485
104466105 945
941018347 1212
-456161555 1458
-2111313684 127
-1498937675 1217
-1352920520 871
723129526 766
2132842749 664
-1535791998 519
606151946 1551
2078092063 1466
-532396743 426
-1663217450 73
1219671400 958
1460885650 689
1652620063 23
790206103 712
-925549869 488
1679953963 1505
-984773171 1283
1273727891 1064
-497286188 87
-1752733590 736
1635519364 285
1900157242 531
1148047243 66
-1173932139 598
-791550038 59
-1043656289 1537
-1621591510 1322
801709066 754
1358970176 1284
431926939 671
899838826 753
-956615733 275
1299877095 509
-660073211 37
-1248724441 34
-1758815817 1373
-119589600 76
1109025357 1027
-570223050 358
724390858 560
355273695 805
-1526634079 1597
-818422097 1163
1567519673 1581
1114610631 567
-1138220161 1390
1696432115 1447
746867547 418
2145679257 1405
-1739418095 1075
-748914720 1147
973673867 530
-1076684790 748
-1921646466 776
1436083212 508
1317156627 887
79175242 1048
1615960765 169
-2139821389 1549
1461226884 161
2139054959 54
-1526359 86
-490431507 1123
1920440139 117
1066397514 33
1428426880 634
871141146 1396
1752401724 1509
-744590406 897
-1875516182 829
-1016171953 100
-422014552 253
473848102 816
632274187 658
-1514086925 314
641305154 145
644889806 233
952246271 1010
1973933830 1176
-1889707035 728
1546637887 895
275790872 706
445001156 1190
-1357740335 1317
1010902097 1109
-1669603303 108
116820179 444
-1066468085 683
-475753013 930
-1970353848 453
-860406941 220
-252420860 738
1087824906 1151
-1930324994 902
-594617304 488
-1752468414 856
-1807072177 297
-25592084 1131
-259538502 1210
708409856 443
-231566139 1085
1475429653 411
1809000960 1456
-551613260 1394
-630817550 1583
-1662927557 504
561826474 98
1124281545 68
-2092666625 29
-1095121094 284
-750342058 874
567002281 911
-576525463 1439
1696743297 543
264481076 1483
-1811016524 505
-777268399 1297
-650273769 1148
131078431 1390
-859455006 941
74820705 919
-1246409865 217
268891695 713
-1401760826 483
398356953 1102
1656820254 1420
-1975885415 1586
-1859584725 325
1015798551 23
1823404652 1021
-1980853773 171
-1317066513 241
-326521875 831
503317757 241
6257704 1561
-1337553561 1299
-1410711445 402
-1730038735 124
2117510388 669
-1101056818 1157
801169541 398
1441740047 944
-1618927809 1077
-1799373776 698
2129942517 1147
-656385355 1418
229198905 1273
-63384148 1492
395153420 987
-543785958 208
-116871737 510
567423452 1385
-470967613 53
-448148479 999
1910393376 710
1939065851 1353
1317378001 459
879318207 1391
-808732537 897
-931763753 1077
-158564961 19
-1480842696 605
-1450917949 929
908178422 1184
-693427846 1565
-515895496 658
-1427074952 295
1832198138 735
943850971 1482
-949701865 452
135412527 1262
1297701346 464
343614624 408
61065273 1471
-448172735 695
1338657628 1327
807071129 699
2090714634 1128
1801543258 869
903211253 1384
-1877054653 763
-897005374 1128
-1881927879 540
850392391 776
225422041 378
-1075416027 635
387766331 1284
380963235 894
940270996 1453
-1300439984 442
-751659076 381
-1854430535 867
-282131076 1501
372360597 370
816324175 1367
1670055795 757
1236667123 982
-1216269390 42
-701189917 366
1290448081 837
1140696024 813
-1605621986 1295
1504626239 1217
116157194 142
1092750541 431
262664115 1130
1240347642 670
383262203 883
738181837 454
635906723 1346
-365902458 499
-1961595941 1322
273316148 117
-1770320978 1303
1686395268 563
-1754817951 234
-1080995397 1170
1103962215 25
-714192529 745
1656299826 1303
1481357937 1047
-473273850 1575
-1268212915 796
1084754192 1099
557880986 292
-678124945 1190
-1580440368 1425
-475162655 322
1566123113 92
1947046273 485
2040140104 1424
-1895929044 1215
-848118615 497
878159709 1284
-1355379442 480
-458120601 927
929469706 597
394843756 309
2105151864 1114
-46374021 95
1024142071 502
-2055884366 1424
-2003145931 1025
-1806719816 1510
825974923 616
-77365964 809
1289469397 1382
1486124945 1541
859018536 1595
380096859 1246
260330334 706
881372937 1521
1411087217 1104
1627338221 239
666166243 1061
405188163 243
-76366054 530
-175724258 1148
111248157 1071
2028777472 1539
1940886368 149
-112101928 1038
709702338 628
-1549905483 1388
-211437530 339
-481394284 689
1589305449 786
2125763534 16
1137593199 359
361817052 1142
661832234 1190
1979634753 564
-257138265 866
390001253 470
2020228732 89
-1155917267 583
1703530213 730
2091754781 1353
1635774395 279
-1538519147 1570
2111926972 1153
-957300681 1299
-198570500 1463
1752806407 176
-1249912388 1159
-1921349455 1296
1634404334 723
-214234378 516
-98600711 503
271488214 1228
1981772586 134
1775644560 1360
-1344606829 977
-392211169 657
74882096 87
1687771935 202
533908073 899
-2076820774 54
-695791067 771
-1299991315 1261
2105401932 1045
1482012998 1250
-1369605418 1540
-446775882 587
-1852758834 1000
-2058704012 1316
1387881537 117
758975176 32
-191721555 826
154672771 842
1025346637 1187
-1610864490 1248
-479710391 975
437538956 546
-1378692740 1347
1589035135 601
-704130329 345
-763933864 274
670419970 1527
-109424698 963
1218098065 456
817508735 200
-820038791 117
1867505053 1255
-463581059 1350
-1489504077 946
1596020026 67
-1102376473 631
-656666194 1101
1425175646 1522
1485103614 1551
1647427028 595
1709303931 1030
50900704 588
-1380650178 835
363537511 286
1375132734 474
99251468 1246
-1471297777 128
-449139712 1387
-89271050 531
1811152505 1198
-673205037 398
1868098293 683
1807179499 1047
252038068 869
-1959011167 88
-577882958 439
-1964955123 857
2023808295 113
-1469595007 651
2137085983 999
546351935 1524
834867542 1571
-914192209 310
-1876962626 316
1187250619 1379
14942795 1517
2022242347 1305
-741685521 472
-659257639 650
63293684 575
6316314 694
-29494307 266
-1262825401 1060
-521992530 1110
-125510167 1138
1247296930 1290
379538634 655
1273249228 1470
1436082370 497
57456172 1077
-284833876 1256
-1914341699 1048
-1092375530 1065
-1176852957 823
-2135795457 762
492666633 1266
1017730796 219
-1008032523 1225
-277477528 573
1065687480 742
-1726955513 333
1584932584 428
703827693 665
-1610048857 261
1037036091 364
-9115764 1051
-1869199978 1522
283395474 1533
-103949363 726
1238029643 443
-435450399 7
918071640 268
-318830028 1150
1553089929 88
-620371684 1188
-1582845444 107
122502986 1206
-606461647 972
1235318096 88
-1175434557 984
1276559139 1317
2026841886 1301
-1415137399 980
-143009717 1205
-1149333675 1425
-910041960 1081
770529547 718
285483559 479
-1952512701 1464
-1660851512 901
1573467752 863
-1665018629 1519
277729393 981
-17165589 1049
748597344 1279
-389388676 801
486099525 631
1541223786 298
-201026836 1104
1012190712 1246
927779668 234
-616168865 1016
2127581604 383
1928131588 431
636453391 190
171556250 1060
942371508 556
-1200507834 612
-1458312764 1130
-549802765 64
781813291 1215
-1817576654 1559
-1082836646 513
-831090683 924
-1477760019 807
-2006720629 1062
-1450323303 375
-2063807375 1411
1724765416 1042
-1334143197 804
-1814972033 574
2116701278 137
1428160894 503
2079681875 573
-571753645 392
-839245901 1203
707895141 398
1303123398 1160
-375480739 558
-31179007 1571
269829441 1256
-1684225570 1006
912532816 1310
2058216221 576
702139873 329
-1126665795 476
1542982173 1518
1035233452 190
-1365288577 1196
1379375755 806
-1511822348 1473
844849431 165
718357351 207
-1793715312 1155
1085941187 1563
-1712678 954
-1839107193 749
1421589749 1419
1789953514 1340
367890925 400
-329011642 53
2139491561 722
1044007765 1265
339629214 101
1601821831 719
-442581182 314
285694097 1516
-280914963 729
-797608747 991
1842101641 1549
1020087102 925
1900347722 1317
-1555598334 501
-1315380097 559
1617025684 704
-1143160028 332
1026888274 1291
1385732984 413
-1069180836 313
-99769547 266
106123940 904
832186459 1598
2126544505 196
980735079 952
-285664697 452
184453495 962
-2081586835 1173
-819284653 1562
-953280176 444
-1660032045 1562
-209501079 587
982695414 1500
915391124 302
-1699054032 921
1482021149 1352
-1500642268 671
738691255 433
-1614609002 758
-901096436 1099
-208243242 338
-466705259 628
341007283 1359
-1174075436 403
-739698147 1359
39072164 1269
-903472522 144
-195373858 1492
-259649873 1415
-409007882 1526
-1510352757 675
-1772825929 335
-157249957 486
711816098 1497
1254370947 272
-1994508526 383
-1403091694 1418
-1628736740 1448
1881135315 735
-2068981940 613
-1361074240 1169
-1913310562 1160
2058646228 1161
1942915379 1558
-1808241430 55
-1215373309 63
-2101491752 1520
-1298281727 268
270252554 154
1396747543 739
1642495717 1245
-702346160 287
349013009 808
1346286865 861
-223607836 1540
472173373 645
319526768 1175
2138439039 341
1222439751 424
-1224963680 1572
-747342043 40
973152890 406
-321042207 648
-1079828286 1385
1548398999 548
-1772677644 592
-1467645201 1067
1687935073 645
-1740164895 1323
-1720004727 973
1703179867 1144
1338205017 458
-978166859 808
-1931861934 856
1458603762 915
615006876 433
436694002 1166
1273584779 872
-450551021 1314
789413141 382
-1346541631 749
1749822889 1216
752516040 749
-1307529516 1266
1157299270 722
634876471 1245
-139132646 154
2033512009 25
-1591017051 181
680663645 200
639695351 787
-2140585080 1586
1495345144 197
