1466076464 44
976000556 433
193535980 547
-6692215 500
-783726397 214
80890982 66
-2087368542 386
-2066054128 238
-1257998108 354
84875242 212
601490553 390
-841718341 321
-1059071342 253
-1812113067 587
1956874046 175
-1038246868 237
1164969480 385
1276949174 701
-948839471 25
-2038771972 654
2083793706 431
-1886944516 60
-474004850 210
750216810 379
-112977677 636
1557299148 799
2082671143 603
772426904 238
1744721622 669
1810675782 13
-1523009073 295
956664109 165
-376711516 573
716928625 759
61180760 659
-1324680345 450
1860692679 374
707408275 351
-2005710400 456
1575557962 719
-294158089 648
-1946062064 320
1879808290 59
-873320778 55
1965587993 334
-1579121263 171
586424108 457
1244435862 332
-67056143 155
470157398 500
1523380047 428
-536590655 355
-5397905 603
19117201 495
713571997 543
459022325 383
617506558 668
-1661407989 166
-150628579 100
-454127710 663
264919399 286
-1399471698 174
1042571278 438
-138108537 89
338949485 595
599713803 465
1829300289 624
-488503050 636
573590509 105
-274515519 432
1821859383 435
-1073991775 435
1228177443 136
89974625 139
50923140 435
253603705 637
142562823 600
929698354 130
1781493811 503
470044649 595
-1774600548 256
-179137086 5
-1779198908 266
-800551751 469
16003709 201
-219445462 431
1582389218 290
537294547 52
1741136935 625
574577007 682
1877056056 427
-1109757323 504
326187225 690
1617569381 556
-2011663135 786
-1084664751 10
-807155727 721
-871440185 630
1289279538 302
-477101454 22
-244348211 513
-1735829461 606
-856696815 139
-1921110903 542
-167720413 286
-888790855 796
165823034 634
1168528730 270
-1322023016 288
-788970106 183
1308302450 206
-2036658189 289
1345109937 261
-331063617 780
-504084759 678
-2021301520 438
-1110904193 523
-781047982 184
-715724497 381
1112101979 577
-1851193818 699
434696340 75
1189517721 484
-1408497403 463
-534889296 607
-187151430 227
416462078 309
-598102934 20
-848813037 701
-578008409 234
1378087024 334
-1517143227 221
-589712546 554
-1218005547 351
2103100818 515
-634069072 433
-211893833 513
-428423508 800
2055869688 797
473976993 415
42968253 228
-1796513207 660
328002140 52
-1746825390 560
-1876491078 711
-1788187954 785
658135240 648
-903411659 453
570580831 461
-1894629736 743
-762282439 77
-362077426 198
1338584583 206
1361998211 401
1208871141 57
-1076333652 172
-329019079 781
-945972493 376
-1795088806 778
-1869861628 618
1869461733 78
1301290961 307
-1359142268 681
933247264 751
-1903607077 535
2625819 441
-1288256415 504
-1774170826 547
-284582668 601
451708473 190
733180776 114
1328787579 466
-1567096531 259
1156702221 623
-308754667 458
-1894402423 566
1197519983 187
-1930767421 81
-1015272375 82
1563397566 582
-1959425565 650
-1295801725 462
1795512106 272
-278263852 163
450787484 23
-1560870492 40
-551419494 310
702470097 633
-1101075236 463
-1509996527 167
-1415176162 247
-1605306760 221
309109748 165
1212611589 277
1964919304 147
638599541 733
949436826 515
697439002 332
-1235716125 664
-35686093 566
2053978776 157
713932280 398
-72917119 259
1202755645 168
372224733 134
1758007123 651
1069354808 132
1612456433 544
692402428 798
-1699145025 691
1290392925 73
781742008 161
-2068592905 342
-353865389 415
1044943111 88
1215222703 626
1712716208 279
1444699597 602
-1902037286 764
946200105 249
-621245729 722
-1004438179 717
-524786350 663
1460932794 640
57704494 493
1864381627 271
-76601181 393
-632261568 550
-25177872 759
1440660913 115
-317040791 578
1524954999 689
130227167 164
-2009749021 770
-1692758876 676
1205422338 64
1281598673 211
1182933853 61
2082366701 296
-969537190 35
1987685468 288
-39221531 30
-397667839 564
-1843812877 512
1637819531 144
-1377452073 441
-1442628205 367
-423856147 596
-1637832186 577
-1821753901 225
924366419 346
785924742 750
882978717 414
-1617235701 733
-351779507 675
-1266666616 480
-1590785251 742
-2058420987 29
1418309911 173
1138780955 416
-164168084 128
1611995805 59
1751037364 212
-1907024921 735
-237420348 689
1338679889 2
659908439 550
121421869 234
2058317464 122
-1979901438 448
-469857141 580
-1407325136 603
2008233004 138
-673115318 761
-2096366937 46
-247593271 195
-987295547 48
1853168330 464
1250892696 759
1938991108 208
89025059 595
1933460028 778
533877312 257
-305825459 398
1312173953 446
20508577 406
-1196025358 371
-695341136 2
-745466942 561
1846726788 132
-1794975355 688
-1484585133 70
19722631 285
993209885 182
103011693 166
2126720685 401
-172920940 526
-1776747841 412
-220180093 632
-1989021360 147
-1263211013 515
595767830 559
2127448872 160
-231432923 577
871131048 635
1523312369 4
-282450139 353
1014639640 756
-847690893 527
-1227190514 443
-2083173196 254
1726508601 235
1693620742 721
2032189301 531
-2030198820 732
1548425937 443
-1002355461 157
-706960398 53
-1190379396 521
-629864954 355
-1612598000 170
-1300217318 15
-1579144914 23
-1658910307 605
1593881339 243
-1703047683 256
-1277023081 437
399660250 711
1032957183 243
1257565441 137
2001714086 123
870970176 427
-855889733 393
2046376061 556
-1255593717 208
1319843930 469
1043718981 424
925108911 195
-1561517045 793
2045781299 31
177552338 472
-1992473799 131
1837538288 202
-727652495 98
1771911342 506
-1837012695 689
1017400479 442
354503557 381
-177208266 82
393075503 283
1293859742 179
-1267667135 615
-477008432 605
-419837941 154
1171203098 214
-576982213 259
-427484467 279
-2120503482 125
50048137 556
417378065 444
1529054035 754
172259903 135
-636229149 509
-782567695 269
935671141 727
1020290972 139
641956395 150
408768489 138
-1406102414 258
1311924251 483
1897394758 570
1978307798 774
-816156842 364
417716696 164
383401832 516
-1482329268 595
-1105515515 662
1830562805 529
-1159279001 43
1484048799 571
1919017315 751
-1912048113 484
600941132 149
378641387 310
-456476600 356
875029647 244
1852960202 761
-172293664 453
551307422 589
-558273177 599
-52236448 142
-785460993 554
146478964 319
-1504902172 64
-1697499901 591
-686397144 2
-838088342 649
152029222 670
1452549035 148
228643098 356
