396603980 3102
1294810571 2130
-108924955 1642
81069281 1530
-641377496 1097
-321021699 1810
-1243248439 2812
937458663 2873
-833544235 1200
-1063825110 358
-526372600 1324
1584774157 88
37705122 301
791183826 309
-1441509442 687
828956087 2293
1534118591 1852
1608800356 210
1834111668 1393
-1391525471 1305
1928558332 1951
717230553 996
360129977 1633
45381730 557
493123768 1180
-761983184 1402
1078225842 1900
546817268 1900
-1116351171 75
-1053667816 1941
-1803052320 2070
-928779872 82
-1450016173 2042
1805155855 2613
1073520198 2450
1296814926 1128
-1076385771 2584
972812387 1885
16884625 465
52566011 1283
-1740807572 2551
934137817 2904
1503368756 2941
-501358112 596
-2141574272 796
-93519485 262
-289677422 2809
1445574548 1921
-1123478221 782
-1207189212 292
-1563417380 378
-825942344 2785
-423130830 1350
1337460310 1466
-60495335 1732
1420847875 256
-234690026 733
-2053177769 232
1899072973 2709
315154564 1651
823916167 871
727873361 1938
-71302091 3084
-1097393902 1248
1846901656 1710
-1383771748 292
-1581233020 2197
-1689898040 748
544876298 1290
-1679466252 2807
-1508692185 1337
-1684590012 2485
-60536638 697
307705827 702
-2012546945 206
2032057487 2023
1491803604 1299
1653342267 2135
-286877410 2533
-124385099 1652
-108556981 1257
1412019907 3166
613635929 1732
-1387909710 2260
858426262 1155
-450115467 736
-1528788292 442
1741503545 2080
1577816773 1846
-1375832246 732
494907162 1044
-988333462 3000
1642744873 2330
1199615683 2033
-1173047896 941
748010414 658
830906169 3132
-161183291 1664
487681772 2489
1916907807 1371
-778204665 1545
-2105705165 3117
-1915480857 2367
565399448 79
-888747749 1062
-1025745989 426
530422690 908
596068254 160
-2022479354 1055
1811687337 2990
1077515780 116
1349356711 1805
1894930936 1374
-118484121 2239
101122598 1353
-527852626 2658
-1684956582 2905
-582282894 2685
-2091479546 988
1041587409 2713
-1539862822 1488
4600386 13
12421246 682
208530135 108
-1579862460 1322
1381835992 2428
-1144471343 3023
-246728828 29
-1570102882 2545
1367393293 2320
506383336 457
-1581221389 2488
-733188813 2540
1028529465 2085
-1504052890 2326
-1276296777 736
-1387193157 1005
888789814 3192
606329761 1154
2146958220 2841
1250963991 1620
1401675878 105
-1428353190 577
961230829 3032
1635425904 1430
1351269990 1721
-782104948 3066
-1005590112 2818
-1757273471 2973
1107813677 508
-315980498 63
-521906667 1170
1033657765 2520
157697419 634
-1513969342 374
644874029 71
2093194343 358
-1136992652 1522
1305154728 1993
592751868 304
538583026 479
-1286951298 2701
-1834166106 444
584686470 3112
-2021561062 1653
356829704 2180
-62515438 2340
717035107 2501
-942539659 1077
-2071648328 1649
-1283414725 1672
86797777 997
-1715141968 2130
-1256832086 1818
1006138204 1309
-1465952411 2929
1974320336 2432
237719787 1545
-516512090 1874
-915847397 768
-1580681507 9
414236819 3106
-865969977 1918
-1708113824 2146
-544803040 544
-1753266323 929
-1760366923 2299
-520048027 2919
-287058331 1202
-1993762844 242
1362577411 108
-1791989514 730
-731187439 1463
-802604324 1671
1985259472 1196
-1089821774 2088
165726973 129
2008461431 3075
425766851 667
-1844623279 950
-647784893 628
-70297453 2644
283575465 1172
325248762 1654
-1898898835 1653
1545451818 885
-1314258928 397
1181583179 1620
-1761500815 2702
-234684093 882
107999485 780
368364960 3073
-435142097 1335
-1393077108 845
1552072806 303
-1806055342 460
-1800376425 1886
152768222 1986
-1896908797 292
51169044 1497
-1096843431 2235
-692897140 419
-2105329504 2925
-1017198187 100
1999879928 2556
1844753942 2322
486787904 2502
1189223932 978
-39488231 3042
532443707 323
1978732107 922
1415590570 2991
754094092 2621
-295833756 2227
-1638404443 774
1539351431 1705
-1321337555 2318
1431227051 996
-2063675000 2936
-1127922564 1477
1941336921 1983
-1104780686 1851
-954072251 250
303675038 2154
-1198747700 505
-716077801 2275
-1687300589 1800
-1290501897 178
-1976503709 486
1619054945 1030
1888491631 105
-396018655 1958
-1397825849 316
1240638310 2220
1001290357 1498
-1453899069 797
611606512 2107
-2002418765 1060
2841970 775
784021127 124
-460079670 789
-521055193 94
1648075801 1439
1310292364 2662
818454121 1677
-1479039946 1559
-388800248 338
206279759 1349
585660556 1907
1341131334 605
524276701 586
-1540108428 1737
-426534944 2496
-70770609 394
-674609574 820
989961821 2582
491124043 2298
558244809 96
-523667033 1883
659865513 1124
-2003674118 1621
537657526 2901
-697878287 470
-1035430139 1092
1813418643 1549
1137534070 2438
-2143928283 2642
2123951341 2648
876123205 2764
1344496728 1689
-296742306 1873
46338788 2127
-1861175431 2413
1188354075 1593
-706998384 2463
47067466 1176
693732599 1304
-1861543574 2793
623653377 3014
-1337203345 1769
1177038108 2992
735261808 1377
-337684710 495
-739337897 2140
1893913140 1483
1868993061 1375
1177673662 2909
1164681750 734
1019272584 651
1608668646 111
1087763341 760
-1590294446 2459
-1072016424 11
-305340875 926
-565238877 742
2110679138 3054
1352991241 29
202021289 298
219580244 1651
1933850119 80
1621584210 373
2093021454 2428
-1289106704 3120
721356921 1938
-1672819379 2874
-188517020 1908
-1891379474 1171
1955848328 612
-957202887 1846
1971291932 187
1739616839 2828
1373768670 1987
60135814 2064
-807150554 3014
731294967 1230
-1358180478 1210
-1981244610 153
1866984425 2271
-1081377220 2376
49684165 2710
30122402 2397
1674412234 1819
1725815015 2770
-65902524 712
-251689256 598
-1325647836 3170
355680993 2211
1773016189 894
-1594365795 2895
-1060512648 116
-705110232 1750
341607778 1756
491997247 1767
-1795044783 1013
-1840406185 965
-1355173004 2931
940972077 1264
-2124257643 2481
-18622007 823
335978449 1573
-604638660 2799
-1600450472 907
-1711861613 1084
-1178649745 1446
26971374 281
-1605193805 513
1166317660 104
1669170020 1731
1449162492 2179
-1735536357 165
1166998686 1160
-757157517 658
-1781490213 1279
-1554906315 2333
1046136513 1442
-1124069799 1967
-1905882968 2740
-743160081 2416
-1667750127 1829
-637882662 2223
1945419916 1839
-118057655 119
-1478026566 1339
1426930201 2185
-504672017 801
-542233102 907
-2117240622 2218
1183982305 905
-332265492 1816
-818934113 2302
-1190271646 1583
386896643 3188
-599820630 1863
-1363163545 1212
282086249 2276
1231891137 752
2133098645 1336
-1727103809 153
-661658622 1969
1065524737 608
1543769484 352
1855191443 1322
-1003531426 3177
-1546114831 1710
-585552273 805
-314807646 637
-736331098 643
-1698460417 709
285206940 431
-1498578183 1836
2051797909 410
1656847740 327
-167453719 1425
-1164250175 474
-1805805034 329
-1677995639 1237
-1487884777 846
947974782 642
-1938990840 2374
291715342 230
-1090159438 31
881980692 2261
1703486619 369
-1899162694 1445
-1170490204 996
77427848 3133
-974702663 1975
1004963653 693
709900571 3021
-1743534016 1469
-348053189 23
1589678048 1304
336343483 1114
-1392374012 2454
-424440993 537
-1615596223 2392
297666080 2063
-437779187 2491
-1906556125 1881
1378826831 665
396683937 1904
1436034393 2994
-607470270 2283
1435273904 3148
-366374779 1970
-375431191 2358
-2007173962 369
-1280193125 2355
-2001210214 2528
-934359471 1145
-1862564142 2833
280847271 46
-1712056737 2598
-1141635642 441
887252217 3084
1730341779 940
2018704685 410
939005914 22
-639472729 801
513391376 3170
-889397333 794
-1299792258 1107
1853075593 2733
-2122298167 354
1042908010 586
-1230418840 921
1551699279 549
-1782827180 2996
-13651933 495
-1025304653 1879
-2044158639 2111
-609349113 28
1928402973 1260
-288303367 2021
-1804851592 1808
-907740655 2197
-719836900 930
6939395 993
792413507 2307
-473215499 1410
-1790943599 1325
1288657549 1632
1607414597 704
1696510402 1654
-1242005786 1933
-736630199 2753
-211271849 1627
475066145 137
-2001695240 3181
809339749 613
575789587 1094
-1447747307 1264
843700450 356
-280128149 1964
-1128369412 3086
1387972646 2517
-236366137 356
-747914959 1732
1803492177 2547
-22510917 2628
1011599231 477
822944699 2141
-806831003 1416
1668269452 1577
-1507958372 515
-1666774694 658
148621772 540
920126759 806
-1015808542 2904
191616485 2117
-1242072680 257
-1729675846 2938
-331123408 1619
789088310 2229
-1655506088 1274
-565805482 2552
492373436 1588
-1420792400 1133
1248441324 2441
802782026 2780
-173254288 153
-752275885 1316
-1523367866 1794
1170625802 2400
-426834245 1400
1156434055 2176
-1312271052 2183
1507383452 1086
925849020 116
1228932748 260
193067048 44
-1565702403 751
-1985879998 2464
356961388 2277
1316639247 1616
2051430094 798
1393003800 518
636059669 121
-770470249 49
-1149395306 1305
-5276854 2245
1693847422 2161
1204195134 1523
-2103522670 175
1724423242 3114
1896709950 1128
661711003 2543
-1556653108 185
1158278518 369
636055100 6
-1545104342 1417
1275069513 527
-2115218859 1652
-834787099 2073
1828481869 1198
152265983 2208
-1760307814 579
1015615065 1851
1989998486 1482
1487924766 155
-1880115904 1660
750930280 184
1453024285 2895
2001975183 630
535260000 455
1208544034 1638
1521848291 1749
1641163544 1126
358146899 3168
-1023796363 1253
-2085449014 1619
1311728027 217
2114843802 1755
-185564707 2247
-998916226 360
-79395274 1995
352342746 1806
763682547 2758
1056281169 2709
867929381 2355
-1966555156 42
1056393357 2319
1062987031 1053
-946809612 2939
-1734652651 3098
-1073136673 755
257846471 5
148032392 1780
-861377651 1729
-1631766659 613
-784266598 128
616355122 2633
559230524 2383
1674023429 1682
2024626050 1507
615833594 2372
-592478014 154
201137429 562
-1172416969 742
-1830867165 3064
1996978050 280
96834584 2763
-957449886 2060
-825554727 2893
582263615 32
-159492696 2404
1068219149 888
1645530496 1694
-1883249788 3174
1975979808 2393
2117269708 1711
855416961 2589
-131615372 2975
-1740049806 2329
982624651 1227
1131396868 2335
-997676125 2619
1886968276 353
1438807661 2048
1670308028 1432
-492927666 531
-281686297 1341
-1582237118 2650
-1244951000 1772
-1538507728 225
516720596 147
2011333701 1409
1496891167 713
92653037 438
1344049827 96
188386527 1224
2023464254 1211
225514119 3062
520987383 1407
-209438023 2755
1309945437 373
1059803030 1311
1201905307 1775
229672531 1607
1966805688 3033
-1959633287 596
-1848988420 428
-157582558 2243
-1619851616 1418
1159168897 268
-1272691304 1433
-124836786 3140
1821673673 290
636135751 2027
-547780047 2788
1825704433 2039
-341286482 3092
-938051107 1490
1751192883 1543
-1734385667 183
253220038 2540
863428681 1637
-1695120065 1166
-253371599 65
124853760 485
1849534187 440
-450811623 2502
234987259 310
128061676 825
872794836 2607
1668920844 1891
-895500024 1556
-765028160 1943
-1222923452 3039
-456806128 2773
488551954 1882
-149396893 2447
-1534584475 2481
188408208 1767
-1672375480 1190
771230042 2980
-251020111 1356
988703975 3080
-1940045916 1550
694210496 472
26767243 1569
-467081147 1441
-1749244306 2458
-1454602284 2386
-1528677438 18
-680027773 2725
1176837184 1159
211798249 1956
1475749726 2440
-634210660 1386
573847795 463
-1379032 663
-350194323 800
1061541510 50
425551222 1667
-26097931 2394
-1731458993 3081
1891753919 1807
2127989721 1387
590846857 594
1553037833 2072
-1194487236 1606
-128912092 276
878114301 1430
-338482009 2928
618342543 1207
1543210989 2365
149188955 1945
1979820916 2591
1361196378 721
-1544872071 834
-1909369173 1830
1292089765 1189
-646520545 292
97005794 650
-111908691 516
507076522 1818
632557410 2009
1923783150 759
582215513 2028
-432670280 2441
927691633 1463
2005672726 433
1843037553 936
1209723218 2370
891019017 1420
503222241 1290
-1701955286 2783
-1039306069 22
1352070493 2570
-2137018827 2885
952233653 1703
1600396377 937
1297657689 3035
1518094562 539
-1817311280 162
-1354645348 145
257832065 2845
111367042 1919
351174653 1352
725859427 2701
-756109637 1302
-1378029096 113
200423268 1877
1081756525 723
1678035379 2959
1535816603 2778
-744087883 1579
280939840 2365
1786345031 1907
454111749 148
-156968810 1613
-1071627909 141
-1497933035 1994
1390261693 2245
-30305258 2624
1117360895 2813
655912103 1313
923734644 1563
-400409148 800
1011951368 2897
1697284953 1852
1238213196 2284
-1243538048 1959
-363411379 2587
-779603158 1721
-1351304244 621
1071719536 2153
1746338330 1564
26622148 1135
664586875 967
-188380149 2136
-912010631 858
-1794506100 1704
-649785057 1735
1724790848 2721
2004236233 2858
-1928149695 1883
-1664567673 1532
-251247833 2054
-1784906130 2130
1315593704 1031
-1932976192 2607
-1279649185 3178
-908285956 1340
702230477 2929
-1334296533 968
73926129 1834
990240840 3170
-1137970932 2622
1794814778 2827
-1884829908 2001
-346967889 1604
421829775 1266
-1307904274 2747
1447873017 1885
40781712 552
314897760 1620
-183599350 267
91476974 2985
-163407783 353
-1262269397 43
726901768 5
-1879069800 2259
-1922702514 704
-1762150053 2442
-235687056 1363
-280189745 421
56446355 2464
-685324181 1280
-1797329882 1384
-571329148 1815
1502720732 2712
822973332 2859
-1728744323 667
1250599409 2089
1901755211 2684
-1170488019 1051
-2075147490 414
-60256609 1310
-1508005574 2533
303717108 7
1394807623 894
-1948457233 2094
926418847 1587
-244390435 993
-799166869 1360
1082985233 2696
911904824 2893
1646821906 2036
-1305284870 1147
6342079 2034
-1809486905 919
-634836743 1706
-2104867227 1702
-247897022 2773
-910305258 1968
1173397604 1417
-2058863864 1828
949561970 1993
1711997841 2328
1626110930 1743
-646981490 1549
326671394 2083
-1174522334 2415
-1829070035 72
1379005807 1948
-1640111683 2818
-1961614382 2181
-811567712 1188
529911749 912
750092888 1613
1770930155 3051
-1299680487 706
1342977491 2041
1830366512 397
-1899400845 1880
-1520714871 1036
1475046238 821
730160628 1621
-1964349584 879
758799155 2056
1343407498 10
-264732980 326
229896787 823
-1451809390 1932
-303051451 664
1033107131 1529
-1948944395 2693
-1650499631 1857
625061343 3075
2123399213 1620
-2672262 274
-237542360 2899
628862128 2263
762152404 2836
1785971921 2163
665071547 305
139360581 2200
186865529 1532
1628653678 1424
-440742935 1866
-1396410401 565
1699743555 2627
369418695 663
-920080018 365
664653383 2633
-1887757388 2284
50669424 1785
-89834839 2942
-1527566568 2240
2077914170 1676
-1229035621 363
-1243473490 375
1510052290 726
1348637758 2999
1427939387 1859
-1139130859 2372
39954697 2241
1031694763 1357
675929258 230
-995891556 2512
1530967603 2937
958171473 12
183535171 1325
-1960277727 456
769595421 441
-1209549127 1990
-133038420 2535
1175075497 1839
-2092970968 2037
290156701 2796
-1988713153 1909
7972802 1274
-1857105527 1941
708898525 325
-220290030 2973
-386067401 1581
-356479647 187
1732830237 2462
-947875083 1855
-1578944955 1900
-1493342773 1754
1829933326 2349
1930307375 954
-857660654 2019
567092267 875
234997505 567
-17685439 1879
1979657188 1690
-245534454 1141
-1007269137 2368
155011744 573
-1545448090 2409
-2019592895 2945
-1305097453 2642
2027866393 2660
-510122893 1888
-362328033 918
-772347454 1035
1995917938 2531
-1871431074 1566
494991569 3158
1050722226 1088
1501347472 319
-1892537490 969
-1532215828 1002
-1358636221 2596
907285700 2410
392252709 2927
444322957 1394
-872210065 2439
1223055175 260
-315805407 1249
963010522 2803
-1580058815 2804
1633006526 1639
1285479766 2046
590207024 570
1596165176 570
-860748895 1476
1331679298 684
1153104896 1999
2048487168 694
215267632 2445
2033092537 2346
-1274911843 221
-310683536 1523
1733688822 1565
-1193038290 2694
-1612451338 1153
2109479408 1807
-1598134511 1309
1418302242 502
-2045352264 1017
673332031 2385
-560059988 2444
-1987885070 247
884836712 188
-1348696036 1942
696436915 1832
125199612 2747
-697580444 1529
1310031571 2531
1722993111 2497
-1528604001 1858
1830796986 1578
2129093413 228
1770382488 2135
773474862 1600
1075960816 2774
-957516774 384
494321759 2383
-1098607086 2865
-917343286 1705
-914560010 1010
-573673388 704
1248008002 1189
2071033907 2164
186367487 1859
-917997053 1331
-538053471 3184
950249390 8
-2130745238 3
1462613671 3055
1361560402 238
-732247514 513
852676703 1161
-1012407162 1689
1975762525 150
627658787 926
113811535 2340
328828882 1716
-339617654 85
-253802488 2074
-2069177229 2736
-89261723 1295
1693304843 1373
788752280 213
370822550 621
-255240323 1264
554106554 2056
-1992668461 2051
-1602410810 3013
809066933 181
-1936980847 1512
1624128163 85
860825448 441
-234961760 328
-515254102 1380
-2144084594 1927
-1518639627 1810
210722348 611
580894790 951
-1136927644 3151
2144359672 1762
804890646 1188
888648223 2846
1856451875 889
-219201877 1425
-302227661 2095
-881651465 2785
1031988859 2323
-391721720 772
653291863 2891
-1847063992 624
-73871190 2742
-1213919237 1343
-1729177622 2616
1185097323 29
1943046779 5
1451652073 528
-331864524 2258
-257136480 1776
-135058244 3150
1681243275 98
-1281902182 1152
1080139602 1829
1065228339 2785
-1186016238 2557
242824804 1397
-2001957415 3015
1676379175 3080
-1807902843 2191
-1378575967 2418
86416519 1048
-1732635216 2423
-1882346013 208
-1889347269 866
-376766968 904
1089889929 2820
1336185219 1533
914713523 2835
-580196910 527
-779557483 2865
-764845233 124
1502144092 1070
279680276 2820
-923876536 1283
-1926520234 1092
19483281 1547
-301443396 2537
853539561 370
-1059089841 550
-1689395728 528
-1312343958 357
1160307250 3178
2131793296 645
-454187461 1156
-107897667 1770
-940685754 2707
-1930150088 2985
1977248307 2161
-898658306 2459
-199216560 2745
1611083362 2987
-1421037184 1402
-1099162434 1757
-1925538087 89
-1870109504 2664
957115297 2361
1886973614 487
1227461099 1804
-637855855 2895
1712059972 683
-1564462862 2996
1829509000 1322
1964783658 391
492189067 170
134472075 1370
145643020 2740
-1118195198 1893
-227898808 1215
-1054626415 333
-742734066 284
-2022844826 1502
-276494748 160
1305306708 2600
371275869 2375
-1910257758 1976
962913450 372
310078731 2530
-20918394 912
-965749293 2206
-2021394629 2622
-1458913384 16
394361938 1351
-568743088 2581
-1071235311 374
-73779103 1848
-296288793 430
1842675865 1478
231206151 1615
872963527 431
-1737210270 3044
-835305007 1903
-407493963 2566
1182102501 1826
1389143243 3034
18095025 1979
1171857369 1243
818362179 2575
-1188127328 886
587210931 2335
-1662343321 2840
198940258 3136
1568218554 1464
-1549173749 1902
-2133344642 2103
395453760 3095
-1612227671 355
-90404135 1484
-1715480715 46
-1334308144 677
-642036342 597
616784284 581
-1865181288 1288
-678136123 2100
94703253 584
1160264371 2104
-1305491364 2376
-1999215769 1277
-1520865574 462
1498946103 978
-812790121 2574
1074730265 755
-710196280 2374
-462801432 3025
1324831110 1976
-1639036505 944
656397988 681
870539403 521
760823708 1559
953120865 1523
497102871 1634
1110768055 899
1274394174 2814
-85998387 3024
1800057653 2931
807262645 2994
-1111429361 1739
-1416951748 1320
-701690725 990
-1265482338 2778
40783680 602
-1765425311 414
1774215735 2136
-1226499526 3078
-1631400830 175
2092101531 1789
-199312383 344
-1328367975 2246
483655770 860
931036229 2027
644254504 555
-1391651439 1350
2010189229 1546
-939006392 3166
-1320166322 2851
-709177828 2280
-996235992 285
-2065542592 963
-2104788966 462
-110328078 1702
-86215615 783
-1057794483 991
1314822039 905
-174083212 1794
566074642 989
1645098599 477
-1178531701 1202
-25055535 2900
341796481 81
1422373330 60
-413427185 1172
922332873 1657
-1749240736 2548
-2050379560 3112
-960316704 662
218887427 300
-1473200713 599
-1043420930 2568
-1720927176 1243
-1744355199 102
1272661128 1011
-1763631539 538
1065555643 1382
-1512704437 52
537652551 2776
1156521257 1160
1142677059 40
-339777791 2476
-1047255489 2534
1222440561 868
1396050781 28
-667129936 2544
-998386667 823
-940930753 2972
-60505149 1486
324273958 2841
54243968 1707
1611901436 1075
-1924224880 978
703314151 1268
-1756873778 182
-700272850 1299
659108145 1356
1359451486 1822
-735249619 2128
1068018559 2265
-226171371 2878
-1933040381 999
-313338188 2239
-566350871 1693
-1292328554 2431
705650080 2170
-500770256 2519
-1878970773 1539
918886094 1734
1349943078 489
236226080 2536
-428465210 2154
-635241234 1176
-1143610578 2180
-1073168136 3168
-893606418 980
788482512 3057
-576423178 2238
-811254182 2641
393906904 2755
-809647148 1288
-801493361 694
-1116648025 2241
197058179 800
-1405158305 2279
539342554 300
1243260257 684
1232602909 2578
1513312108 2366
-1229038797 283
-948706124 241
1574707635 779
898430762 1443
1937352068 1385
-2023864683 1561
-261474312 1938
2128415449 2449
1921238135 1021
-1028064014 3173
472481129 2598
-231397320 3198
476608473 364
672717373 2991
1896382657 2531
126205095 2329
-40071141 1243
949711175 2529
1909777026 1985
-939281446 2677
-1892021960 1080
149737705 2889
-1084859706 1560
-27124575 2282
1123836127 1781
746173095 2644
1116632595 573
958753898 1799
1106479495 2295
1788603267 863
-1177884112 1421
1716772983 317
-1145351931 169
1944861813 661
747092607 72
-1002932888 2166
1671537163 214
259410477 775
1214537079 1330
-1273843989 1365
45213033 2733
1886758330 1496
-819428227 2727
596067363 138
778679987 759
2094161474 2179
1721007014 756
-376684300 2975
1907598485 1825
834067406 2303
-957313348 2279
-470271722 1536
-1353422376 1974
584454673 506
-2122211134 2535
179633758 2817
218839903 2310
-157506195 955
1148724629 1098
-171528853 1766
-1033378086 1285
288382500 3162
728254253 1878
-923402027 367
-867681980 641
-1174700634 1149
-602743860 2253
801913235 221
1752018176 3012
1264786590 2198
-996878214 201
-1237788094 1963
-1761883100 2728
-1481503066 672
1903723006 765
1145133502 760
-1618671446 2175
585994586 672
-456893707 579
148148912 1498
1923746491 3042
1427712051 2566
1736879092 1463
-1211852075 1914
370464015 1242
1990612685 864
22774274 767
1787417245 3160
-394290265 444
666160423 1976
1141181331 981
1727484171 2973
-1875858064 2695
1964376438 2994
378712575 3023
905236117 2279
698670206 163
-905495820 817
-2097875936 794
1452941297 816
2126606981 1957
-1300649427 2040
868624863 572
2115147353 2958
92356337 2608
616002918 212
1803201810 1674
435522487 1791
-1513112989 2621
396791743 1404
698049145 609
1342416103 781
-991436174 2094
86536125 844
-1464286149 3059
-1827222446 1544
-593180898 1751
471667944 1432
657987986 2102
1445689547 1601
1001022176 1181
-1434381849 3194
1269705767 596
1456289043 1459
812298971 1125
-1691444888 408
683052828 2636
1478283197 1889
-266503965 773
-1255147362 2411
1909863114 941
-1832410680 2808
-1072484701 1084
-2009435908 1320
130988289 520
-376170908 3033
-2041978104 2321
-373703861 818
-220039870 2838
-239439926 175
-1001345816 313
-368772627 2718
246018973 1393
1421040445 1879
-413156445 1552
-2116504484 1454
1334915617 1736
-776928532 1505
24118686 2438
1665944876 959
645008140 230
-98076130 1344
1495916631 1907
-1170648582 230
-462090754 1623
1494840780 563
-615500112 2781
1069514263 1323
-1862205024 2227
-852817858 1704
832874101 1217
-117651417 693
257805658 2184
-455259684 3103
-978444427 1064
520411852 2994
-825096308 1573
-1748399477 1216
-834527746 2169
-1377437951 2118
1442718862 802
-1998078220 966
1206084450 839
-111926662 66
543057252 533
-1333544403 605
-42956612 2579
225353263 2233
-1271250825 2309
1161313029 2767
2057387279 2793
-1417407148 2715
-2137722128 1271
93079752 1525
853805797 638
-332037956 1115
-2869383 1738
598675049 1446
-427385863 385
-2057529870 36
-429824083 121
-1589914625 2372
-1567910256 3058
-863657165 2241
-1763667124 2848
603008474 1174
-441703111 218
-1441097886 1395
-1587513245 1713
-475672781 669
1736654653 2242
-1862342333 1988
-577525149 239
1008728366 2178
1095023481 186
1354378858 2781
1899324300 2603
355551547 2169
-560303945 2735
1861293107 535
698662542 3172
-1619381929 381
-994830604 282
179184294 1160
938413590 1188
-997810120 2463
-1205893291 748
585894037 1354
-914210134 172
-213522536 2861
-1835186395 491
-575054726 1310
508091990 1650
-152286690 474
346647225 3166
1385878186 1262
1646709424 2420
846813414 1518
345740538 2858
-1380420552 1021
-435939819 557
778389493 3084
349404618 1823
-1854462146 942
-1226680084 1756
-741837707 333
-502083806 1622
559977242 1884
-269494731 2671
-626020447 1705
-1719078699 2737
1114741102 1202
-2035885273 1312
211134451 1332
-1479529349 2103
-1487234302 1136
1746741663 2065
-915227909 283
1489867827 818
-1362371927 1838
-203362333 1316
1303107429 1920
-1598807955 443
-451297690 3129
-1509077353 1291
287093522 2880
-639676314 2102
891429218 2094
1906718144 2177
93300443 652
-418405027 1305
-1028110491 2009
-104246345 414
1404939057 1830
-1417163551 2415
-1719720111 2674
425571164 2167
927918400 742
-1902863003 1573
602974416 321
-1313717447 1159
-956898523 3069
2040693939 718
-449345649 816
1859772402 850
1146437368 1415
2056813260 1216
-1012479931 3067
593447036 1714
-30720594 1822
-1227904269 3097
2046989081 1576
-880617304 3085
-2104389810 858
-1403143125 1548
-635151489 223
-1573879557 759
2131257600 28
-362442716 1246
-916785195 2882
223325320 2645
1817035600 2533
-1097243539 1814
1055242281 2291
-183780663 2127
-695197365 412
1687153789 923
-875292138 2050
-413743143 2859
-251030927 1086
-1548652558 2155
-644560904 1371
460341982 2581
301121939 2213
-1612118582 3087
401354445 474
-1632421749 206
-1363309775 749
-66547867 550
591641999 1308
-451574643 2593
293095473 2795
1763688173 880
1551439136 433
1577272229 1008
631432937 2648
-1465331684 2474
1168649232 897
2125039820 1108
1860772912 307
461195421 1554
