-1359242060 446
-2000886457 2072
-561691904 6348
1415929703 3768
2044497523 6353
-1922914840 3574
-1022643406 2657
1018657033 2471
-1852393112 3120
1140281713 1701
1408062189 93
-1071166100 4215
1375910253 2443
1161198796 6212
1922589075 5710
1947401766 546
-1389814164 5128
-912327134 5063
-568169809 1877
-1793857875 3878
-1837961071 2803
-1029241709 4956
-837317421 5406
174775191 5474
-2107832261 2089
609428078 3899
-895495406 3343
-41224748 2303
918681453 6018
1717722601 3401
1805497513 3138
1168031036 2830
-425654670 4284
-673376187 5820
1386494855 1412
-751467636 4716
1152523058 454
-1957419294 3288
-405641248 1931
1857508809 3519
1322351880 1370
-2018800461 781
-1244035869 4582
295670215 155
1245025956 210
950658506 1309
504206766 693
-1315212683 4224
-1857820284 79
-1109567889 716
-1094148378 5061
145475516 3489
1795219655 332
446487609 2412
-1494610450 4011
273356891 2509
-1697589640 234
-492958397 5924
437970419 4597
153758424 2369
-2108976745 2363
-1433212610 953
1723507713 5170
-1562722531 3561
1825670900 2397
-1873020352 327
1623026541 2592
2050000666 398
524358257 5257
509644428 4259
-568967079 342
-623965551 3937
-674019407 5602
-937022089 3322
-1518491653 4631
1139280779 2765
-863043422 3222
-414483040 657
768304376 216
177263173 2093
85168984 3609
-1916512603 4254
1878937633 1662
168682134 1079
-599520713 5949
529664549 2242
1532535830 1224
244369277 3355
1703733996 328
-1410807001 3222
-1957968692 1369
-1311774183 3654
1208526150 2380
-1414334221 5748
-2135803500 2644
391970038 4495
-1363651984 3559
50227551 636
-1357997561 5182
292339166 6108
487195205 6206
-998897457 1662
-173256891 176
756077263 2175
-1235523538 2154
811470827 5571
1545234523 3686
278129466 4761
-1546031066 1216
-2132140646 512
2082305453 5705
1521792920 725
2077331188 6151
615112345 616
302962868 635
-1528230625 3218
-415118576 824
2052179663 741
-54931875 530
149738645 5824
1313150483 1283
-1483934508 1155
-597135295 3832
-465780381 4037
-219097043 1700
1803814830 2054
-1474162201 4239
447866979 1103
-1118792113 5887
-551949899 1512
-1103389395 2990
944994889 5626
959246529 2672
-774165771 594
897723771 5874
1588721007 5871
1897222952 2351
-91192885 1861
-492358199 3987
353999869 3416
-893449407 3424
-613302117 455
-2068189195 3761
-715285800 5819
-1320545196 5925
-897786246 3797
-1966008478 1867
640483620 4233
1364145725 1972
1225811232 4169
895202756 1199
-1495905608 3138
-323393326 28
-1143208827 5284
1490491778 890
34674762 2416
-1666020094 714
1243875689 195
-1570616729 4951
418010127 3210
-250602432 4434
819021092 6154
-823777745 5192
703907342 248
-1162711881 1200
-1519114493 5434
1138357587 1323
1738401351 2374
-12017959 6036
2090110662 6259
-2075146170 894
-235291552 3337
-1315751468 2836
-324533375 524
-244878218 3153
1774878712 5480
-968351420 2075
-2043357793 5936
464089063 847
-1102696952 5674
-2026871876 6095
-928085688 2936
965865642 1415
282895023 261
2033444848 3138
154552182 3728
1690640986 3716
-1172806740 1161
226342109 2796
1521404060 447
-1167496004 4769
-1091412349 1305
1027594432 2134
-490330447 3154
-288829722 3277
1297710290 2303
649550773 3995
-803355307 4126
52459244 3619
-1125413485 630
1759959759 607
-1587637509 3601
1827292308 411
-121974673 2439
1425513606 3814
1777287376 4527
1904508345 2468
339442308 3846
30443476 1676
-705924797 1100
-828218140 377
-1910568888 1167
1208086187 5944
-1978444889 6143
2056523910 739
276059363 3472
-1211650478 1126
-131749619 5625
949268195 2070
-2120678306 5047
168487391 4125
-271514549 172
628547692 1576
1803489306 4949
1388643489 235
-1221723369 2187
1909454094 594
912048987 205
-1601825418 3346
1476441274 1117
-395527701 2907
-419962856 1380
-159080001 6280
741341663 87
1805148598 4861
-1046011031 3401
-1622977219 6279
596810012 5476
-176754460 4188
124331161 394
-1122064085 1998
-1533936462 5420
1921671305 4539
-1978507586 3002
1655190007 820
1579381528 5268
-333859541 588
1525603340 5985
-485912270 455
-1897544609 737
199097449 1345
-835231896 1067
-639265068 5604
-1972602250 4393
-1972017399 1687
-837520928 1612
960635905 1864
44781421 3046
-957204176 3627
-123063633 5495
-661104992 6069
656127128 596
997618791 4692
1100768244 120
388461741 1568
1030704517 4315
358354345 3926
-375969114 3372
507351910 4630
-143825260 2371
1789972495 6309
-1469022382 5686
-1089246351 997
1628836428 5603
-1088435583 3208
-1343569941 4644
-396468757 570
-2098763189 1947
258095119 6066
129216422 1891
1480496751 5852
-2020211901 484
-1292227340 3531
-1791700210 3152
647781199 4960
200769490 1895
1500484065 2191
-227528419 1783
-1270056614 435
-583680958 5743
-2128115781 3713
826277728 4830
1491270172 1478
-1492257906 247
-1188248364 2109
1777395335 3534
-1542248319 5089
1659708370 3140
-1771987405 4943
-697847382 2488
-351038649 4108
-1012779247 3940
-1044262923 1361
-1361798520 396
258528173 2156
-70074681 3646
1805789252 4951
-1964950343 3668
-567259375 2679
2019874037 1792
68672467 2919
-1349422528 5895
1522413595 6215
-1126818019 679
-1172652238 2500
1372002681 5118
-1415911052 3567
-1912040249 4269
-1605971841 456
860388568 4600
1391083854 870
457820331 454
-2054005036 3828
331131679 3576
-201825488 2811
905772611 5830
-1972888628 2849
1522266393 5241
1848224750 5692
-1632449253 5436
-52615476 1356
1587250142 2597
-1156993568 6024
-2084381480 5510
2110643811 4338
-1260364389 5907
-1026252092 1102
-881610954 1197
-412822154 649
-1990314265 420
-1544234923 1582
-664295330 6269
-1730615831 3593
380158612 1675
-2111648010 2963
1711661666 616
-1588907758 3976
-1430594683 4082
889743857 2969
-1609008106 1974
1987196536 3417
-1373649534 1994
281478457 6108
2131301368 2250
-1345257364 3322
1391469225 972
1270899778 3398
-548688847 4855
682274545 4689
464988998 1124
348206537 1235
-361029023 2903
694587983 653
-1720727309 6098
-478542743 4786
-1617065193 1604
1263722684 2306
591215510 453
93332173 2893
78209473 615
1194171408 169
-692001353 908
879338541 180
-486398076 1722
-376709298 4697
-1575285479 1498
1818173628 4469
-19852375 4019
1175519016 293
735038690 4379
-1443335939 5888
-1005367023 4009
896421823 4661
-210915770 1890
-1269717319 4630
1795288892 3800
-1752271807 472
975166401 79
1167097418 866
-1992667222 4163
-1183663955 1336
1432764604 2207
-544881377 3566
-1440001700 95
570607327 5016
1722234680 5406
-634440199 4075
1668013521 3134
1013800112 2394
1675748953 192
-2016991296 1800
1453734089 2943
1275521563 4498
190133942 374
35073570 3192
-705253611 2719
-457973024 4698
857815857 3736
1866925095 1569
-1322557760 1117
900956396 1391
-49606268 4884
1375618227 615
-1844890316 1325
257544830 4102
1638585219 1107
1841949820 4989
1544887068 5483
-1541268662 2959
1752319933 1938
159890210 2303
730260312 1836
1817235307 2269
-1801447228 1336
-804628108 4373
2068209994 3681
-1300154500 3269
770446415 5108
324901228 5101
-911150264 10
-1644826075 6297
859934988 1080
398857883 3898
1098460837 6145
-1779788233 4609
1118219329 3823
1900457542 4368
-996440933 3106
-1258526707 1954
-783954569 3085
-2018437244 6175
1444248087 1400
-819466825 3520
909114464 419
-12679646 4893
1620182689 947
532298833 6191
1555241649 5731
1957669769 2858
145882675 4683
337711050 328
467286910 1023
-1208834971 1351
1172263094 3609
378293241 4241
1634705348 5170
-685703212 2774
-1455615639 5213
1840138252 3849
596061337 6376
-1926082541 4908
-1914959750 5235
-287043312 3156
388453752 1168
2038048259 3317
1936884587 4954
-713534075 3961
-1893875882 5300
1588262997 2129
-1586567608 5991
-1871398543 4762
-608221961 5315
684139901 2121
1788411020 4897
-1083494284 1111
423716748 1048
-1281656155 1828
1747155920 5680
789780793 743
-1300630466 5029
938448447 4122
-708510245 5999
1726358650 769
1006403699 3117
-1066971311 3127
-1698267656 4674
-126594871 1419
-344569548 1737
1937428951 220
-1585807395 5669
1354694153 2155
-1318611747 368
1747009478 4745
842823540 1589
13892326 4650
-54805756 447
-354156676 1530
-1118617080 1854
1308543524 927
-924588694 5296
1563046695 6276
-1948696508 5002
1524016150 3284
-1991652413 3794
1231531476 2689
488585759 5457
-1373722742 4727
-687085636 3930
-1309436742 5533
907699942 6368
-936172505 1077
1041419975 3439
-1586068946 5368
-451532994 870
-603568196 1615
1181868390 4726
-1869844441 5805
-1161340851 5874
-306024482 6013
932925254 2672
-389212139 5646
-2009417061 3585
2049780840 2187
-969338693 3824
676946807 228
-1490539685 3111
-1498702398 3851
945636693 5773
-848424906 5846
642493911 2525
-1845305539 6128
-1264372080 3566
1874325862 1064
786417164 5064
204300704 5970
657384606 5982
-1000951540 1175
1873229868 3768
-1469605228 2092
-1913446078 4253
-1104681389 2275
1927159313 4227
-1491044266 3437
1584023654 986
-93556248 5084
-338858126 6216
-281143222 4284
1961394670 3833
-265455228 2876
1448068228 746
-1096201325 4632
833992431 849
1185547620 3414
-1302434545 4265
178115816 1
634084754 3721
-1382251412 6337
-976859849 4699
-402505405 5402
1128154728 2275
679836697 4180
1273410822 1173
-96287261 2690
1056159804 5739
232771304 4827
-759258543 4879
208453110 2759
-310703632 2039
1698827681 4178
-1371641408 178
-584724803 4658
1271487184 820
-334178218 3827
1445585637 4397
1110480951 217
-1539718825 3788
1936433979 1583
-1217231206 3194
343868952 1570
1675121123 745
797428384 6202
-1007179874 2806
-958889346 2418
1120751584 2661
504973566 701
-969340789 3719
1461943632 4549
-859964696 3832
-948819436 1208
-1907146698 6181
-912873521 3294
-435754731 3985
1804617026 3835
-256445414 6167
181884642 3177
584734963 2251
-2113948592 2929
-443007662 5495
-912193192 5372
-2125301181 3892
267610159 2662
1986572084 4139
-1920517697 2044
-1003611185 2357
-2009263542 4874
-584197919 5449
-120382783 5376
-1674703197 988
-468689516 5522
-237510505 992
215554253 46
2037507280 1820
-1523990924 4380
-1906819240 3383
1704232621 6105
995154406 2854
1607826830 2858
-1230122529 3884
1913818564 1605
-1749626948 4950
-19428981 6027
198558641 6357
-1945475572 6335
755868627 4525
2045828289 2609
-49887773 3583
-187981672 5031
-1218810350 897
1179428310 4106
1491865851 5716
1133512901 1859
-1538580883 3186
2065194827 6255
297311168 5549
1487518548 5565
-1110558904 2278
-1541630521 4034
-1654199386 3999
1697448430 5493
-1351166755 1728
-1743215655 6084
223133078 2060
1303240280 4094
-1764896633 1710
621311785 3939
-629521 468
-1422553765 3641
1745953038 3028
-1446120351 820
-348286719 1149
492545390 5390
1326799021 122
1784108260 576
299210518 4685
311510984 0
-120640296 5277
57597966 5011
-1785806141 3979
-1702028140 1915
-760440708 3265
1239197149 2653
-978131039 5026
123786295 5103
1035457107 5566
903492287 411
-1867080105 3467
140911771 5297
-2104403630 1024
-255426364 6010
-669414707 5846
-1308297381 5003
1413435466 434
-1717927698 5527
1167334 870
-1827071169 4265
1097269764 4086
-1990075855 5962
-2096466763 1772
-369771006 227
2109967470 2461
-1070306389 2477
-326722984 6050
347382614 4766
1398725706 6041
748484981 5888
-562943581 1252
1839265060 4913
-484090565 2102
-482364513 5359
-1084930153 5991
2016344608 4208
-654405664 2430
349246693 2135
-578848440 4598
1604842365 569
-452529008 2182
1853636056 1537
-349135104 3455
-1329926730 3215
-794424288 3470
1421216387 6172
-1032495800 1962
-1864903288 3701
2069719997 2515
180276186 5812
-1894440533 2617
942336965 493
-931309126 1477
1162219277 6127
-493761865 4079
1427346097 6001
2137318729 2852
796146385 5988
381542891 611
-866530939 1337
-1287318439 6212
-241800014 3736
-1566864678 886
-216040439 1201
510787359 3907
483231891 6088
440622457 3034
212735780 6073
-1931613545 3066
-1255869004 674
-1388498826 611
-722391883 1884
-648792892 1966
-948977477 6092
1600104841 72
-483306750 2963
-1711928981 5195
1056745361 3068
-657924687 5367
-741088161 6211
189570544 4154
-1097324701 5963
-1065298300 3726
-965757420 4005
-1601461673 2365
555233480 2958
-2018462440 4913
-1200803281 448
1552088008 1369
661964571 4987
-1536801179 2730
-542017592 6210
889339473 1914
1177114593 3414
-396315857 1829
550273206 4105
1344613674 2836
739098144 2912
1593608332 1070
1427561494 3990
297004798 3003
1283060069 4492
-815343020 5277
-710113984 2469
171984774 104
-1971130964 1288
-1423406820 5713
1964727754 4384
-1937235063 3092
-428921977 628
-470060009 875
-1709053164 2041
-1883462645 2085
866031621 5653
-1013606810 888
-1059835805 2135
1814082331 4341
1534983852 2243
-1357500657 4471
-1195824049 252
1108107483 2933
494249692 1156
600579407 2280
-341132850 1077
1546285680 5138
2046931354 260
-512182882 2993
-1202968405 800
-1899090435 108
-375577601 3783
-981909650 1360
646270200 6076
303535128 3699
1505732415 2674
135994508 2197
-976448643 6096
546936909 3393
1839343821 2457
-2135974923 457
-297042014 1533
132443371 3525
1134433928 3193
1960073088 1637
-1534948023 5952
-1537467189 1370
1368771267 3260
-592599196 639
707612345 227
-1567810663 4703
-861824567 273
-347380610 1735
-2121180966 5469
1089211222 3643
-324341955 3713
-1738269619 4225
-1655124337 2469
-374470002 1661
519735247 4096
-1553144311 3322
-732570560 4047
-566485997 3017
-1130766758 1291
279985005 1703
910562342 2542
-1064229976 6037
-321021225 3644
-841736138 1678
2145147979 4610
729135154 3078
1636835744 3078
508261209 5376
208075629 3051
-1712210523 3893
-303946306 1305
-1545146351 730
2080988844 3758
1302870535 4774
-2030409628 1693
1294433914 4594
-1805263712 2173
6106691 5077
2060154573 3395
-1257466040 3881
970861855 2070
-1577641829 5072
527634168 2943
62918969 2733
-1385910888 2238
1491987268 5398
1845199621 1367
-749323954 3290
139541478 660
2050786290 1349
669126249 5307
-1125260657 1885
-1138755709 4335
-1371165837 4799
1117405563 1463
2070921866 5115
-1094686884 3688
-297177355 1154
-683409713 2453
-1346418272 2774
768929289 5918
-705977813 4845
-212181253 2503
1543599350 4983
1520428099 2763
280219816 664
-289215429 3157
-1412430993 5079
454385207 1193
530648601 332
1379026541 4934
-1419448374 5587
1675293431 2976
-1816429696 6083
139369678 4855
2062912901 756
1571112621 688
1517409304 5156
2106975517 6198
1913498880 4793
544270851 4254
-1626867970 3395
1119963066 1565
-626080760 389
-793160419 2776
595837853 1581
866021075 5125
-571227470 2322
-1632943033 6304
385485224 6079
1102785354 5155
498955838 80
524616182 5376
1589242770 4
-465600804 231
-1642999352 1794
45987313 5848
-497028196 472
1239117813 5079
1805347788 2038
-994196484 327
295528377 5851
-2078611933 99
-1282693051 1091
1454748660 2561
-1152546979 4748
1166504148 3150
-1234093019 3407
-1040522271 3126
-159895956 3809
-469720229 5095
-471296357 2948
-1263884802 2373
-1795294720 2308
891127026 1851
-1914175879 6098
-951493023 1691
1171160616 5987
-1919798346 6076
-49857177 5116
998119306 4162
-1480854031 1853
-992058849 5000
1117822156 3129
-317103151 1495
-1771265882 2683
-306665121 5924
421811897 1636
-322994826 788
-1742582850 5781
1996764793 2679
587711451 4140
1721801120 2889
-978007619 4808
-661611748 6286
-558246553 6121
-1692703242 1788
-1001146768 4197
1194965429 1540
1024160971 2956
-35983826 2415
-1466591083 5867
-1280497151 2281
-1278980684 1439
-398227956 2054
1621684744 5784
216081 4424
-1149256220 3177
267608795 2594
-1547454724 306
956401394 963
-59357388 2862
1011915173 3980
601728704 2247
-491493674 2490
1838277561 249
589517527 5004
711629593 3046
835136697 564
-1020502519 1091
1531107534 82
291356474 1685
1979098305 986
1261627669 6170
-351920219 4752
1431623519 2652
1819332934 4937
-1532625223 698
-1446425429 4739
955568298 4034
431343927 5484
964040919 6018
1549198081 3816
-753460041 918
-24186073 4550
587997617 5674
-1386399571 3360
-1676981840 2054
-1659606154 1980
97872403 6308
1783989778 1041
1139595560 5733
1711630287 5445
2144526210 5466
803060381 301
942276704 3875
1145593999 5387
-1652913403 4412
-1457493886 733
-1229897614 2350
1851630650 3489
838934769 5205
-124400684 2524
-342517614 2116
1196104369 988
1349355365 3542
1798801677 551
-1662664015 2416
-1196657 4061
767861510 3634
-1983191163 5208
-2012948815 5884
1794050762 5784
-931008211 3750
-1037816905 4235
-1897796653 912
-1492748847 1256
562438771 5463
-1529772529 2786
-1942507384 1407
4411338 3359
1712170695 512
342694602 348
-708842858 2138
1397726529 793
-436366320 5351
2012072669 1431
-660625566 4483
231711624 2949
-1035936352 2429
2028448217 2463
-1989780351 1563
178507689 429
-1308042721 4958
527094414 1507
62025504 2781
1032320999 2082
-924912149 1894
-2016305458 4153
-225424275 4777
1747296950 6344
-1317782924 3483
-250241250 3325
908100961 854
-572873589 3070
2066384525 1845
-1497512639 5844
-294355204 1712
-687642015 1662
980730978 3602
1844966300 2480
132476065 5163
512860832 5365
-629038531 5838
-287204624 1475
-1498552853 4941
941143419 4710
-1256689978 4353
-2083819124 1677
-917747012 2387
-2019029129 2128
-1682761707 547
-85026992 3503
1931576980 1502
1179130254 1976
82085135 2743
838180997 5850
893846213 3652
-1550728132 2746
2016150645 892
-1269275408 1164
299644978 846
427402282 51
-1055030596 6023
-1418611832 2688
789326885 3608
793069400 5466
-1379562120 239
-891329775 794
-140222416 3633
-1499681038 6032
1820708475 3436
-1236503813 4253
1585601436 3215
-1217842269 4587
-1559353621 5906
1554637485 1069
560733276 3236
-1742324057 5943
639870420 5518
-1334914754 2971
-93347246 2752
-677970486 6097
1416397509 1599
-2119689701 3364
-1550468855 2933
42876802 3646
-453798206 2609
2103564947 1767
101626738 2358
1334297883 4531
643335402 6275
-1677416941 5860
-240892718 4382
1398438144 4437
1885823321 958
1028348112 1485
16374044 955
542625693 5050
1017925124 4211
1721529822 2100
-1434779255 5682
1079283583 5580
2112555963 4116
-1392322633 1081
103515839 980
-777459174 2031
-1950235294 4726
-1982964988 3736
207006953 722
-986864879 2759
534385383 1903
19846776 2100
-1964468011 2227
-1369849230 346
-79806622 2585
914823941 4800
-1713164289 919
-2042140653 2900
1455918264 3545
1010528686 4933
1897439684 407
613477401 1924
1617457287 5236
-18146296 6275
1975424849 2588
25620564 3302
58517024 6246
-1536255822 4446
-1289994056 193
-1198193685 3160
-1397740905 4887
-240726491 6308
2041766934 3981
1124091265 3541
-1619051374 4519
1404506014 1169
156963748 2920
1914891080 4126
2110988860 2421
-1684488476 3656
-1769741290 2247
-1882695506 2110
750189501 1664
105051105 1080
-962760062 539
-189869432 75
-1257872720 2711
1035594306 6039
-485833088 4422
-506038650 3550
1243856180 5618
1520860814 5238
-1961646522 2752
1002937109 2279
-217946391 1735
1923597257 5008
1226322609 4183
-776211741 513
227059112 310
2128776442 3779
-398533202 5965
-1604219545 5027
1254797708 3265
2048999759 1464
1262615323 4440
-1170353696 2431
445339470 2503
-1660593317 3735
-1226424960 3491
1517786860 4867
962556547 2067
726030478 1169
1640279420 2768
-1824946909 1866
-876537673 5712
2002218499 648
-960007960 3989
1782430219 6126
-596716446 5612
1305454302 6192
-607245884 3005
1039761472 3566
1219239559 1401
-1455272642 3193
462950396 1413
1376770804 747
979994680 5122
-1271831561 1130
-1449142459 3046
249983402 2960
-1024712286 1429
1579187072 1927
1340314177 5080
141447096 110
124215692 1010
1044857427 2816
-1530255929 4173
-1809689439 4494
-1874621385 3333
319934031 5900
-1962539365 2830
-597152381 2976
-1732379120 4873
1340152612 3387
1486028611 1335
1854239462 6162
-99569233 4701
803004236 3889
2100168447 4440
1225114096 1250
-946253570 1729
252447212 4769
-1134497352 30
-1167574138 855
54819101 221
2114751082 5267
-1743508094 4236
-243458961 3842
-724084090 323
1363346925 361
-2062779495 5927
793834752 5401
1826110462 5215
1104754975 1410
-1411645107 6043
-309606654 5786
-360426311 1092
1943221601 2367
925917522 3664
-2044302619 3410
-725935229 3602
-424848465 6266
-2014756113 4958
1820695796 2801
-2003745839 6050
1033053764 385
1510158735 383
-2069037260 6083
600815646 1312
616022155 1388
1652650974 1643
-236126186 6332
-565056186 4235
-1557400886 1315
1079636899 4077
-1816759061 2385
253304923 2930
1005481320 1716
-1565734728 6284
-1861411748 5788
1600409724 2544
1413677414 6154
851524553 2212
1584321718 3116
69379661 6342
1320483023 3762
1198719176 3961
-614061384 824
-204808899 575
1370739462 5845
-1414832774 6377
1514497147 89
-1645822353 1194
-1199900881 849
-74096564 594
1779734042 5478
1585035005 443
-255618625 2779
544234517 2434
165421646 4166
2026640051 1494
-752351818 5228
-189630703 5633
1646968960 5039
380597313 4449
1323792420 3125
-977849395 6334
1263605165 2820
5009510 1320
-152901083 2174
2030506874 3178
-1590833594 3513
-19421666 6393
-944654435 5028
-2073474384 1432
-1242970871 326
-1514815123 3184
1450155835 2912
-1182419343 6078
-1893112458 5139
-389622761 4278
1690866696 2222
281625180 657
823226842 5615
-643771884 3863
1987886453 5974
681648718 5342
944766663 593
658100703 3450
-1635730748 1070
1908560240 622
230031498 1993
-784384369 757
-230612924 884
-2116889283 2834
-2097710458 3478
-1574911667 1022
1153162304 473
-497577335 4967
-1662185976 760
1743884613 1823
-1314181665 4666
886894423 1045
-679669322 4204
-1080130269 3211
1793690894 558
-1309153629 513
241083657 5183
-355081006 31
-196251329 413
161827610 3345
-203339160 3793
-1495789733 2542
-824381183 566
-1951458513 1056
-778897641 380
-492098027 4219
-1046404010 2917
-787309272 1452
1081683535 4191
-292717262 554
1104178317 4527
-1611232427 5761
1333984559 1637
37806353 5674
-2038402634 4533
-582331144 2953
148784176 2815
1187124212 5584
440224642 2308
-1235585477 5452
660386664 2751
1151553303 3081
-2066516829 4328
-1379539334 1381
1734766850 5927
297906492 3368
-1325292190 4954
1280842543 2219
-223700484 1519
-1143319335 6149
560749194 4034
-1248611451 5797
56569827 4713
-283332692 3416
1564568985 5726
-118656850 2225
817563330 3536
1912774246 496
-214534805 6217
647534386 5397
-263917887 3079
-610018606 4923
94757117 3867
-1042031714 4320
-512834974 2330
1103481561 1627
-114044576 2848
1794018706 4179
-156961538 3591
564546328 2227
1231954571 4681
131661323 2753
1926829664 515
1273196366 3231
-300248081 945
1660348214 3189
-1759769172 2539
1197562459 3623
-1733917138 4635
40570809 3342
-1945241177 5276
-1156474354 29
1913713748 2755
1960942582 388
-23018860 5414
-797268424 1810
-1367605719 3921
-532460301 4922
-134550260 6144
422796215 6140
-495797744 4504
1410713617 4901
-838772007 2948
339722584 5084
110509258 5673
16824883 4338
-748785927 4639
278450657 1649
753826832 4654
1683266031 5514
-1651090076 6141
1946916026 1816
-808282068 550
246127676 1831
936958691 6303
-1916194884 968
90862183 774
-1529688163 611
1060989671 4461
15141449 3217
42266185 5061
-678741971 5855
152167303 5873
1523220810 1846
913625730 2383
571898279 5678
-1612462867 1729
-840646838 5040
1882010472 1977
-899372156 1161
-2044439574 2950
1578526850 857
1286281564 5853
-1909194789 5995
172189195 3944
-692157498 5887
415872378 4933
-683081709 6083
-126430107 3272
44491127 1305
-243356183 2590
-661990065 136
-1285549568 5212
492374072 3208
1772213310 6374
-833036942 2210
1707958414 724
-1680623723 5237
-1072233182 1966
-1509750608 859
351367005 5939
-779166501 6114
-2060906565 3739
-655151877 3453
-755185081 4113
415563841 2279
1295994388 5957
1329089542 6052
-1047614741 6274
-330639390 1882
-119644744 3943
-1252964252 5371
-684544911 3192
1551513934 4614
1076671337 2736
6985427 4292
-401736553 5513
404839921 2731
-1168601669 587
286059314 5158
-1027925825 466
-1110480274 6217
-1012309742 1857
-1405939848 3812
-170232575 4461
1787688511 706
-1235922448 1373
-1661097666 4072
-772540854 5184
130144502 3577
-264499569 5944
-300802753 5162
1412802269 718
-2124094490 334
-1575263998 2574
-2137650009 6155
-75280804 5278
1104980545 6310
-1642440471 4188
1029693055 4852
-1940307925 2776
1993732311 4386
1578430185 2416
22551899 3197
-1242930267 2360
1905263293 1882
1900191538 3844
-399482708 3205
-1146926039 4693
469558857 6023
240175196 4479
-283369273 1583
-452984953 4944
847264629 37
1054867453 5007
1796060255 4037
369751976 5220
1007042778 3127
539369492 1951
-1511738206 3703
-995500815 5396
-1108843975 4977
-511726127 271
-669684551 5129
1778576365 5091
1794236893 2307
302131624 3800
-603729125 6355
1592262126 4041
529116856 409
-68904925 4638
2139805367 5805
-1550682986 5007
-1080787454 2293
-1212350476 4464
-592010939 4504
965350076 1191
-605181386 4013
-857622181 5966
772005806 16
623365023 4383
1203106113 6098
-731455054 2321
-2132988360 2851
-516362876 4822
1000880562 1669
85827563 4597
-203924711 63
604301078 3094
550199374 406
1239998631 4398
1308603005 3906
-580627349 5095
-343413125 2061
-442430805 2388
1706331243 2422
1092462047 72
1117746289 5730
612591887 2370
-726044828 4513
1216824019 2010
-1197520897 4860
-982183595 438
2049333 248
-215059378 5542
-1823531699 2352
-165317726 1039
-1853653982 3965
962908043 473
1259315662 5565
-2057349022 2732
256965355 677
1289528314 2078
1483478740 1615
1757484660 4633
-1539017630 510
-911351501 2730
450054966 1897
-1930340047 2854
-1231581130 1224
456624213 4542
-1938900442 2875
1232876776 6074
144878807 5601
-1817463344 5509
-977817938 1509
1428145983 1266
-1852273172 2728
-357922982 4881
443029454 1997
784553465 1313
-1684208139 4898
-1952821689 3177
535392041 1125
-1821770328 977
-677003143 3350
-511014848 3898
-244556746 55
1236601982 664
-442193762 1461
-963934575 5710
-777823085 3004
1139136985 1963
185573459 2345
1695980433 2362
-2094553314 1615
-1984359240 4300
-1707989188 4134
-2037463459 375
-1380180331 1274
-2011971597 3631
2055495699 437
-1235639152 2763
-1735493878 2458
-210651752 2314
1749548670 3929
5266718 1403
2075645597 4921
-869520988 5169
993257789 3854
-1083377764 547
-1439993759 493
-1014528626 5916
925116536 1943
-508000787 1269
-1247387620 3097
522718239 6311
-197512603 1238
-583663216 231
784572481 2265
-423972910 5322
-1088582016 2273
1761380058 1349
-549311377 5673
1615171750 5956
-1590827312 3828
-1900122150 6032
-1299364902 4419
1953955082 2394
-1868003572 2011
-272575004 4655
-2070447286 5857
278621429 3803
-1980634208 5282
-280760156 4271
-812398367 5571
-283425630 5161
603711439 5560
1910471872 373
1929125195 295
72460277 645
1427958554 4678
-456266408 580
-1005033437 1518
1547592025 170
-1744187161 2222
969729510 2952
-1381277932 3897
-202172432 4633
290537090 5444
22050383 3677
1932105341 2367
-1691658369 2924
1364642690 1264
-64945292 4571
-1140539715 4577
-263087726 6262
1687528515 1416
1720331123 6059
-26265914 2773
199461754 392
-1271380968 4500
-269651907 3870
-921860375 1154
182313131 5440
-857166070 3212
-1592133817 2386
2112505972 1611
-1882908325 4251
1138936642 4728
-1264079191 5437
-1374360810 4767
-1925587431 4107
1159950425 1282
265431917 2356
1453504895 4263
-2126559459 4867
1226244879 289
854731085 2823
821940723 5195
2058752803 3582
-983647555 3911
71884125 3787
-123386493 2123
-1023960401 690
1014772436 6297
848839662 2129
-1673934824 1075
1593994512 1214
-700222919 5100
-1210614554 1814
1345267229 3572
-1034710898 6211
-1516975662 3765
475750500 2554
1391553698 5204
-1160322988 5657
-158353709 4259
957523849 5986
2027834422 3718
-2139371696 3118
-1922876950 5472
-1268191046 4279
-1680786690 3473
680820797 2272
-1749179214 1776
-1751744616 1278
-397701018 2848
-307305227 5862
-652722291 3548
1630702942 3094
870824429 2519
1634367083 1026
1817592054 938
-1251070774 4212
1346589301 5793
338658649 2993
566958440 1447
512398312 1398
-1708466626 5820
-1379942948 364
-1416474734 932
2126892145 5398
17224907 5175
1964357251 5026
-2020319544 1492
-1318396524 4749
983061029 5112
142027152 3565
-103152836 4402
-269522299 3962
-1758865901 2982
695631367 1715
1507999627 1036
-37270450 1969
805309471 4156
-1735038199 6083
-1332470343 3809
1970882933 5489
-981962930 5092
-752958313 449
-2014744148 5558
-718316932 1193
-728560697 95
1203197170 4258
971470196 540
-80181191 3023
206306226 4024
-1756408317 4480
-1110712332 993
943416825 3382
-753886210 5172
322472245 5036
-1946927279 4021
-394039684 639
792756993 2617
1351500245 2176
-899576630 3719
1131977560 1756
-1032290014 5870
1215084361 4473
1285830980 2484
-1197295213 3364
-914464279 415
1258342876 1638
720477674 4636
-2019364915 4509
1339753238 2583
-1097787352 1989
1592802913 5529
1678823520 594
610619590 5981
1184895003 2725
-2103867167 2295
384439396 4894
-1738914979 3899
-475579831 5995
-1453007041 1474
770445707 5073
392400689 465
-192427077 6366
-1632148015 1324
-2122687948 386
1906002084 487
636590236 1217
993888304 3436
1462448765 4250
-466510594 5862
147830598 6252
-1839781284 1231
1912105249 5388
542604433 3985
-144678199 4448
295857046 3114
-1864274482 3197
-1881159921 2226
625138376 3608
1127794997 3457
1265602684 473
1380601758 634
1377779703 81
419625759 935
733883225 4103
409880985 5632
523456064 4867
-1278022113 4653
-1525007254 4673
-1616684858 1455
-64376936 1039
617178828 1724
-656907434 5119
-1211776066 1235
1331467831 3577
-1952969991 2148
-1140702125 2841
1473874518 551
1201839101 234
-753971363 907
814689618 395
1737419894 4414
-1492198080 3244
-561791698 1348
-884300341 889
-693374000 2554
695659100 3104
1942651251 5799
678817461 4327
1807601508 6125
781208541 169
-1509904757 5939
-1376951546 3000
415164865 1494
-1946493958 125
-1137457991 5336
-1287740283 4282
678319329 4977
1398815849 4156
-458757072 3826
1197856210 5537
24872211 4219
1535429229 5352
1378172145 538
-1212065587 5934
-1751449030 3284
899470233 3752
-596963405 6042
-468288418 12
1701908544 4895
-1330190626 2797
463990425 2307
190580677 3551
1836024241 2584
-504917919 2086
-628706313 3278
-955224532 384
-1105641631 5378
2000613555 3459
-1450117384 5414
1475119458 5310
-323274826 5964
1499656586 5544
768035069 5927
601381792 4070
-1680197434 988
-1531655676 4462
-1718472463 3840
1432796805 3820
1370882696 218
-365928897 674
1368907424 3680
1337932709 994
365994082 2591
-510465335 5823
-357481402 1398
-389417971 1735
664891465 4391
-2034709668 3909
-1533539581 6099
1192420501 2068
775839851 58
-1937433513 5952
-142195146 821
-756546610 6317
1612749856 6246
-1988389286 839
1413953162 765
-2116397015 1891
-893662491 5551
-2096331236 2161
-536198570 3277
-1051753214 3782
-1566337600 1687
1129490260 5171
-1087965846 1136
-1821960732 4240
1773921857 2352
439138012 5480
-952286566 343
496441412 2136
1237869442 149
-179058636 3975
-1269115277 2785
-1185631448 5187
843568665 511
906602511 2599
-132732100 1213
-924530468 1812
-851819865 2196
-1696188639 8
-686216761 2651
-76089189 3187
1257784486 5670
659610131 2256
703265492 98
391957010 3842
727701686 1677
908620826 1293
834765062 1149
-1844951451 4664
-1742562153 416
-1589233480 460
-2024923690 1276
-66816500 444
1600220812 5882
1601310559 2866
-1334200649 339
1511148365 5153
-1312186045 2224
-1194958787 5193
1062326313 1011
156336516 3503
1721203560 4958
60663940 4982
-451246308 2430
1090611402 3376
-431027456 3968
-426021434 5114
-309140496 3535
-704389795 1186
1618637702 360
1820956229 3046
1370837288 4345
-1745010422 5787
-540342024 536
1321924242 5551
-1492402954 5782
1833126334 4631
1583727821 5368
1334099761 1007
-1791560373 3757
1896413633 213
1379744441 2493
-1288873177 5137
-901976992 5088
221058560 550
-77350797 3994
1860531968 1345
-760187964 3125
82690335 1056
-577026973 6233
1947156886 1080
-598035053 3564
-322946001 3234
1328009897 3173
314056313 5893
-1969328734 1959
415749473 5177
21025821 3558
-510390850 3154
206069195 4952
2133861672 2492
-1982799911 5605
335366323 4485
118088463 1305
1382639959 325
-1694078606 3298
1815187550 2099
157568669 1220
899362259 4744
2132362281 4190
-251788972 2602
-1053389673 5014
1055530363 6211
1143462076 1001
1857556635 5915
420707892 3938
-1194276382 973
739972915 1928
-537054760 5192
-1129894109 201
-1120148238 1960
1020949287 2087
-1160424803 556
-855380615 3043
-946729655 3483
1627229258 1901
617370395 4920
1586691000 189
1636998151 4813
-364558331 5324
1291640013 5451
1490509450 1775
1531590516 5075
-377424896 853
-839454763 749
195066814 4256
758575538 5711
1748576680 43
-1749485871 5617
-1024366913 5929
-1262057347 4309
-1187426450 4878
-1244572410 3307
-209366066 2713
1162530555 2518
-1968047559 2132
-338740512 5707
97355746 6029
1950248694 2345
915090075 5331
658373844 4332
67888802 2066
-816354183 5829
611232267 4669
-1045793301 1507
1297279746 6339
2071530395 3596
133122708 5552
952454852 1685
698771791 5415
-449755954 280
1719993825 1963
1769103986 4231
1823768086 3088
1593990591 1017
-650287781 3889
615319402 4588
1100103938 5246
-42857840 3704
1618820715 3128
955157136 2640
-2135939173 2248
-721424474 5541
1373214753 1829
847716194 3456
877307063 826
-1326654465 718
-1529435942 445
-2095877102 5708
-118532440 2057
-1634574621 1379
-1442764336 2519
1719752460 2674
-1835644033 3661
-504121537 3576
-1363083124 52
1310011867 4075
911139780 5865
1165702088 1376
639678727 2316
-1873992275 2845
-2119078858 1961
-1074102048 4357
1516596495 2843
2095220733 6216
-989153879 3306
91066471 4607
1443818310 5474
-365396472 1742
1720385408 2377
48714244 1636
-978569411 2268
-715656593 46
-1629679767 3356
-1424117431 2119
-1156876668 5479
-1521387290 392
-1478055294 1238
-1909841475 5603
2134818646 5626
-1395853148 3442
266532616 6290
-645585742 2609
359007139 4624
-1190516137 3719
-1871167657 3526
-1273039256 4638
-947469924 4804
209801159 6281
-103431966 3221
-513442725 3889
2112781052 2590
-1296326103 3029
-317453689 3137
-436457913 763
1672177956 525
-1835706965 508
-2123617076 5047
-374196968 2537
398488747 4609
1243909982 1913
-504453323 6157
-1643536767 476
-1316005750 2900
35087677 3899
1735241913 4122
579608971 1496
-449259347 5955
-1897215715 4411
321156153 3115
-56493786 5497
822610928 364
-421323570 3624
1927138265 3172
-1823400514 2523
1898474600 1045
10109215 758
-1785794773 4549
1994441287 1497
-598512703 5239
-69857446 1727
-508839407 4064
-678946978 1985
1482990327 2751
-665088698 4930
569621584 440
40320782 3618
-410712277 3930
780749004 2752
498392148 3847
-1975201065 2221
1716145983 1230
911469363 3173
-1692802644 3209
1123952548 2993
1448862532 2132
-387873593 2291
1172300879 5502
-2073290299 4253
-1340301354 1963
704366121 4028
-1122210129 1082
464351781 1206
1300415491 3404
1236259038 2686
168553954 1059
495268684 996
124856291 1097
1074477274 1638
-1453370456 2471
-530036337 4736
1162243283 928
447186211 5405
1191943093 3756
-1426744975 4909
1525406591 2530
-1756227339 744
907922752 4728
1104513755 2128
487117228 2299
-1028854895 5131
-1233450608 3585
1473400755 2422
1536290168 3675
-570432191 3757
611241681 5140
-381716585 3488
145835108 2300
1443967602 151
-1512367185 4198
918045367 6158
-358837713 3863
-2129205429 333
1195388992 3556
-86400481 5107
2060112460 1285
1304624544 3030
-1237210540 854
-2027623399 451
-2009997645 103
2472202 2229
-1073845226 4421
-480441377 5686
-1521073629 3303
499702017 5456
-2001446996 5996
-1102208989 4515
1065148640 1578
1769552510 1097
2084756509 475
-1734418750 5110
-1415731739 6149
2076134863 3828
-883331294 4628
1605844678 5974
-372416550 2115
816841860 5799
1945010809 2386
-1045238710 3686
-1040811401 1444
1629373996 528
-803843209 5288
1771396743 3872
1645562641 4998
-2026955186 1921
-1367556631 6380
-1653124452 240
-915563373 2963
-1481830425 4147
75327931 3483
1641491350 5872
-341435652 5111
993650231 4311
1265658705 3279
277750690 4989
1860060762 3343
1670750546 5829
277172120 1609
-589250763 1958
-1878358510 1745
1308403330 304
-1638712499 5318
2069491886 3889
1744288474 2852
-195284685 4032
915740175 5893
1050166222 6328
-2053291932 1146
278751691 3928
-425897573 4918
1904512273 2664
-1770018890 1143
184383472 340
599597902 4318
-1203908105 4932
-1430659003 860
-338088415 6370
-704034811 6168
-958999628 3295
-309778138 3596
-36211179 3827
1575178568 5947
-215689608 5975
-2128918854 1887
-2120627186 1207
1336870129 5372
-2003234427 6066
236411218 1545
-917747392 2368
-150766533 290
-1606002965 5298
2019926662 4429
1636508431 5884
1700493400 4412
-2102040072 4213
1900897717 815
912248334 3791
1814973567 4182
-1910941695 1694
-839220705 6073
2041879437 3216
-1312093838 442
506756611 412
-342891370 2595
1300072164 5407
-285132739 2854
-783492217 643
1439323839 4351
1335300553 3553
188939231 4533
-1709001509 4628
2031867333 922
-1459776677 1591
-710638246 1809
-166082006 1157
217277842 3178
-1457148901 5214
498515515 3626
1808199620 4083
-1497507687 6093
-1223139360 1662
-959112185 4057
-1370163565 3802
1640430480 3934
-235871756 6276
-930897525 2894
533444841 5993
680491043 4955
275672750 3307
-868976058 464
1010918135 5240
-619166003 1140
1216720021 3201
135802 402
483560432 3344
-2074382557 743
-1494894320 2592
951816227 1698
824647739 6386
-406398324 2410
451108611 3473
-277412895 5532
1821223756 3646
-567334780 5303
-1028092702 4908
-1257280722 363
1334123587 2200
-1472445599 621
-1044041010 6078
1911381343 1127
56480884 257
1104501160 1497
1712125954 4672
-812051008 3769
779192772 1602
-2039440075 3769
1691718021 63
1275791149 5201
-633663826 4563
-1401151800 439
1014588450 3481
1465290916 5810
439903460 5421
298973865 5632
-1927516872 3464
-748005702 5320
627437408 3564
-1416765480 5570
1643693470 973
-935237296 3121
-2108785868 5524
1127713482 5774
905171760 1334
1863706424 350
-1085158168 969
455602881 4585
434223396 2513
-965482564 4973
-191773439 705
-877116565 2316
-2026839052 1338
-361486746 5576
-912592110 4590
958658426 5215
-1365962674 3019
-1371283875 5287
-933346532 1826
281102259 64
1057973543 586
-1409723190 6309
173080091 3768
938045154 3122
708642356 619
510323893 6293
226128536 4899
-1926841236 5306
638227102 6
1184386578 2859
-1322047849 1058
-312008575 676
-182284570 2391
1612764637 586
1452453677 2808
-1945284391 3111
-573203485 5747
1694073454 2844
1165940693 527
-1061338031 3691
-249090583 3361
1974933498 3577
-899227309 2016
668421861 2024
331398298 4131
529110505 90
-565073440 3370
2080860280 3718
-1368682871 1167
66200955 724
952633494 4234
1997625273 979
-985014556 5840
-424283236 2577
-2128689269 587
-430032385 2610
2004422039 2221
841022857 995
747502549 1478
-236299960 4027
-1406318626 4039
532573559 751
-1821149494 74
-184830705 2859
-1390398632 1452
952864017 2980
181568157 124
-1542850990 502
768217894 2284
391935356 2757
-1157030488 4174
1802497327 61
151271609 5808
-1355885243 2185
-302581732 5656
1411786084 1019
-1326082130 3786
1183311139 191
-102483520 5928
1302071282 3140
-235372768 5670
350795341 2905
369436321 2208
-1708495401 4379
-398856802 2556
796103859 3858
-1306496953 5584
419920122 2880
-877894956 1727
1447040630 475
-60850006 4899
-129636468 2670
-840662197 4270
-1000220946 5770
-886793943 3988
-570186133 3282
40802734 2158
1034483418 1595
-382052879 5844
49972540 662
1500693418 6278
-1857430933 381
367475568 6397
526911330 5137
-463697294 5977
457175230 141
785780463 5172
-1222158650 5985
534526881 2590
1671703918 2382
-1962155701 2848
-1922687118 2180
1028591950 898
-1507150943 3073
574476606 422
1033690828 295
1400591664 3504
1368650634 3618
1690535938 4855
-803194619 5775
1891489347 3162
-43768617 2884
-418138016 3184
974814473 1651
1793458290 1708
-767107981 2110
-829532357 4950
751344232 1903
-228186405 825
-676341426 4495
-1169648107 5773
-2123733288 5627
1226547916 2668
-498136332 2567
-1978914579 1816
1490056840 4705
-1743061542 1003
-629376175 1726
-1583011761 4899
100230335 2814
-540348271 223
33690737 4328
-650507648 5677
909820846 3801
1327356026 2422
-1708410117 2250
-303727397 5871
-1962882617 4838
-1060233472 1416
-981214093 4200
1872676659 1658
530890891 6069
-1222155436 6146
-505917059 3240
-1318669448 3878
1354672858 1088
1823572544 6094
-1790256077 5088
1894948390 3621
-1545930262 6266
-2085970661 2709
-1371567977 3856
-897368135 5540
2107485149 6125
-982252037 3410
-1422060640 2741
-155937525 3682
-138116972 291
-801133938 191
-886105053 93
1470797220 13
1745624628 5779
1659799438 1301
-772373158 783
-321650066 4146
-1167145899 3105
-659065711 5814
-326950805 1038
862547202 3923
2119233611 5791
-91462711 1146
1163118185 6352
173385351 6258
-1018887003 5210
1231492826 752
-286775665 3762
11994572 5594
-1867266552 527
-1916335903 304
-1427259765 4724
358142104 6096
849840329 1051
256814742 5933
825825521 1379
-1131359212 3616
1363047702 4574
-970404309 1648
-743089007 1991
262047037 5612
-2061436197 2810
2012012504 4818
-1158877636 1252
-1672445480 5275
924916754 4737
-1243468341 1008
-1782763931 2759
-2027572090 3022
-1250912631 5734
367248935 1445
1305768361 2722
-780189177 6090
634457968 3215
-341328084 4099
15030569 4063
-1195653778 2381
700689908 5491
1359961629 3596
288660181 1031
-1615334594 5088
866406861 5249
1866384505 91
1596146009 179
1689906128 5308
1799616433 2962
420159621 2076
666275468 3314
386541031 1362
1678400140 4988
-2001241042 3511
409259535 104
-1468287995 4070
1782266024 4301
-630282185 1145
611798297 1020
-355906171 3500
1601914847 1133
-842558766 5274
-1259411316 2445
-959163872 1468
-1671241036 1603
-1951639425 4795
-1340878891 5035
637870250 1332
-1543853831 1471
-2098728768 3672
-405916970 921
1733338989 4807
-856417293 2317
-1569490683 3753
-976487523 4148
-1460803411 1364
1553375372 1851
-708508210 6101
-1158075527 3029
-1506813575 771
-150580571 3205
1142789250 5701
2058322314 1219
863142901 1760
-1456699766 2110
992124318 4680
1011740206 1616
-336059859 5578
1544240210 5083
-1897265956 1895
1113446722 1569
-783779486 5455
-629818756 5158
-636191375 5961
447896065 2560
-1581909788 2495
1525547932 3209
-1423733854 2132
-1537686498 3185
-1367935 1882
-1997238706 5584
1735347345 3002
25183544 612
450029764 634
-1426389972 3490
-1316877993 4010
-1732428058 2421
-406304742 698
-1573406566 6012
1093916378 2518
-506109494 1
-888378759 1406
-1438413436 2850
-6097747 1771
1889048123 2484
-1862838122 4743
-1011993538 4896
892974638 4796
-925149258 2818
-889016568 1459
-1169857489 1685
1841440989 5102
1358492065 387
1980922607 2764
465726553 6068
87767149 5748
1232240514 6204
-995002393 4761
-2130279623 4128
1832182379 2149
2038151810 2103
-883365704 2904
-1355828898 5008
304344540 5842
1852874458 1790
-1427543609 3306
-1868955476 5532
351847412 4402
1329204854 5428
184598125 4692
-1656923946 1929
-675148489 247
-1728143495 5830
-1252241676 3163
510805934 4838
-1676752307 750
1253282309 4161
-1278846193 1776
120148865 2108
-1372449938 4480
1241254802 3318
220230498 3873
-1393235021 180
-387628449 1770
-736588359 1200
919766212 2752
1016996458 2495
970996880 2433
-270620179 169
450612413 4219
45434360 3751
1584275509 801
2007587772 788
-412146028 2515
-1122571015 2206
155139504 1146
894015244 5718
-2145117356 3325
-318363342 2374
-1828350896 4165
-219155787 5158
1521630133 5372
-1249090509 1001
540956006 4618
2026527299 2246
1930738804 4319
-897468309 522
-253690424 3360
-1760151976 2564
1756428870 2950
410776632 5694
1051514814 3477
-1424788657 498
1123760234 6161
960713986 5776
-1202558018 2156
-1918787903 5487
183305249 3933
-1628015006 3542
-840468472 1173
-1771076881 5750
978019457 2185
924936429 5722
-95178368 633
-1423850632 2683
441616340 1616
1124009512 5847
-50996916 5628
1310979230 1328
2118185986 4517
1881973308 115
569089925 5811
-754232896 607
-1367018653 1326
-2128328101 5878
-1583217068 1015
2127324736 1465
441452455 6208
2071686973 5039
498492685 2482
799943780 4195
-384007574 3936
-1979975075 6298
-1563163562 670
2110248719 3749
-552200123 1779
1932849836 1258
1281205444 1196
1767081065 5306
-53089883 3193
1301576318 3948
-783776406 5610
-62040485 2869
-1631101807 2528
-1407741204 3184
615052832 4036
1721290362 2906
-1972622596 3374
-996813679 3636
1431069991 526
310115846 519
1324336377 4772
-1398229533 6012
-63287465 4409
-769018432 2418
1439514275 1090
-917692506 5118
681389495 5158
-1243400277 4418
2057184675 1836
-688761657 3180
-2142039005 3916
-1657316356 1473
1290910256 898
-1243471481 851
1717081900 3309
1709333563 5605
259007510 566
-954140010 3507
172621384 6392
-29456609 2955
-1757372975 961
-507050419 4072
1155311249 5712
101794811 4376
1019299153 2634
-1230722635 5826
565199984 2968
-1017567369 909
-2046105119 2725
147539683 4481
1840889929 3100
637817342 5082
771921747 2206
1852201568 85
1244214587 4370
-1286115406 2470
-2093840898 5299
1556263445 5712
624462508 1755
144459416 3794
-1971396469 789
-810225204 5622
890898381 3198
-1042944180 3416
1278333862 4563
458925071 4590
-756893188 1756
-924192212 5956
1949239572 3000
-1401062758 4900
-390057647 1695
-1054229483 1349
-1553923845 2676
403373555 6083
1077911377 848
1775942287 1153
1029997180 885
-933970106 2592
-234191712 826
1620145183 5469
-1042266771 5347
946983181 2816
-1924160140 5199
-1683487421 2597
1287662923 4644
-1453365596 2715
-1454171070 769
-254349885 2329
-74701726 2283
-2119887986 6233
164701761 107
1498310081 2099
-2118960820 1473
-1081017931 3549
1511274702 5081
45040815 3239
88503232 4218
1378410522 6079
223434034 4335
-1925066266 4612
1262475105 3817
-25889960 2404
-1743351278 5691
-766023781 5217
-206066626 1577
-1125494989 2948
-1026502656 1351
-784544573 5533
-219954819 3535
-2141765210 4830
892435726 3402
804185539 5460
-403958633 3012
-613804213 906
1346625832 1222
377367271 2660
1934938734 3488
92192197 3393
-1777723579 5625
153765663 2732
1814319905 3440
1918986490 4460
1236041232 4577
-932633659 5534
766603496 4621
219321451 3140
1331510540 5717
201849120 4773
-292928432 2777
-1043334657 3057
-1941591843 2466
1405188642 3361
-1944714282 6067
2052214900 2506
-1633894596 3440
857221618 5971
-1422956366 2675
-1385767552 3017
298978814 5880
-873661728 2564
587262103 832
131980979 5965
-704113592 2221
452137974 3832
-2078570467 2176
715089809 3564
-2063644994 974
-1786560557 4591
-1153880981 1929
-1433704518 1914
-1691011093 3346
-12960010 3649
-1666652461 1039
342747267 2987
1340486615 916
292949205 4664
1536472375 1
-1144923262 2610
1038323115 1921
-1367225138 3784
1812404374 3494
-1126899752 2985
-935997321 3452
650284763 2360
808197880 1632
-267348132 4063
-1422697074 2863
453639272 2230
-976786987 1948
1562411582 63
-1485089369 910
1296954991 2872
-1378207624 4085
-1477284457 1448
-750748230 2350
1157717907 4659
-771150302 4435
-1391358637 4567
1194812747 292
-1780525155 6098
720413857 1439
93334443 3007
829185542 3278
286869240 925
62824542 4404
1741343037 2519
590431828 6001
-336796914 659
-2065143917 2695
-60757971 3108
-1068944696 282
-1447718636 3964
-1544183672 4150
1601455462 3724
1839784533 5332
726095111 4406
-423904556 2345
299107569 5929
-952561949 5751
-1351343786 5661
2016099072 4709
-2138437326 5119
-2041204645 4984
-198012554 1796
354891555 3279
582573656 2794
1192774900 619
283165436 1006
31112108 3167
-213207943 2278
-544760779 3206
-386347274 1943
-1491078345 1730
-943199561 1100
-919152152 2405
-435107745 4391
368441881 3598
1534075848 1562
-191406370 6292
1893164845 3886
398886031 5308
1039518784 4211
1836682481 3554
724107084 828
44531580 3332
452925840 4896
1664013592 1183
1785171391 2627
1247948452 5795
1433367169 388
-2003090526 472
1523120630 3229
-248544097 5134
563170564 3717
2089907944 2504
1922620854 901
-2056988662 1582
-2032453641 1711
-1463595277 2323
1964714357 3712
-1603304463 6063
888533367 6338
-935694385 5826
1077171045 2165
722471580 2108
1827378622 4736
-86250507 6219
-806626312 285
-1318868653 300
585427333 4931
2090615107 5926
-2100776932 3482
-1735484801 2913
-1006273904 3385
659774378 4083
2095790034 2731
1450991729 6382
1647000562 221
-393802453 6123
806049165 2806
1151208309 5001
-1773989455 662
-2062144959 5710
1283221846 6196
1945074623 5583
1120473250 1519
-883954396 5418
-944228521 761
1412674361 711
-1693766898 6111
-1148629241 2582
58333927 3474
-1716424360 4027
-1730009348 1971
-86659642 4926
87808647 1426
1114878121 2866
725009556 1232
1432518972 2704
-215245666 2611
-114695356 2251
-917744382 2519
-1499343728 3727
169786627 5203
1095116955 5054
-1857080834 5118
-440152115 1325
185123836 5424
-1593494853 4614
681301524 750
1938746477 2213
1974141386 2300
1155969189 267
28103910 6091
1034444719 6057
1512164039 4827
-1263690114 5726
25677574 6159
186116935 3967
-1830004603 4533
187682451 5582
-61035072 2029
1799751057 3305
1732047039 4094
-663058668 4212
616877033 5808
1632001717 4148
1520081437 4600
-1120374976 3403
-1535857731 5186
-1980801013 3327
-1882286335 3405
1752648055 5574
1038729447 3073
-31966724 5227
-1507168557 2191
-617533063 6133
1175923786 1368
-625897108 3188
-1289905127 4648
-1300877668 5447
-1524408756 2651
-1028010020 2649
-1835371792 4497
-1044171373 5948
-2076380242 3082
397748023 5907
1251044795 886
1970541597 1191
1741847532 2189
-682084834 4815
1807857399 6142
356298057 3329
1434862582 4893
190949795 2839
1786930843 1156
-1101486613 2298
1387756431 603
-2125201125 2504
-1672281764 674
1821037573 720
-2026138124 4447
1275201725 1277
1704023552 2032
-970457308 5394
1863459016 757
1488485815 2814
-1423733842 2133
754245201 9
-1036362864 265
-17356135 1052
1668315252 5448
46296945 2157
-956529210 5435
1813753355 662
764370853 1591
362426571 3099
133079300 3378
-289480518 2679
-680687449 4408
-455480404 1550
-1422361268 483
-1764507457 2004
-1731770361 3364
-1794455981 5920
144516841 269
-1708026491 2265
1515905057 209
1122652595 1880
578265360 4597
867342825 929
-1613005109 169
1458404130 59
936587578 513
-878000767 2827
-1462255922 5410
1462865744 5936
718134935 2491
-1178120507 3801
1029276935 3209
1029904840 2660
1008794679 1278
-73785898 3356
-1022491130 3884
65265714 5079
-1694263213 451
1747081269 1940
-698226047 2721
-972367907 5695
203496015 4064
-426340308 1941
-76159177 6082
602179663 5635
-447487976 5081
1013015335 1485
-1874023924 1259
-299821230 3125
748912247 1688
425362984 305
185481184 4123
122734525 3621
-390219244 0
-1130526235 539
1051915711 4357
-1624822416 3455
1297537558 51
-1546774995 2353
634386882 6055
1892197595 237
2014023201 3131
453307620 4818
1011077955 444
-1152595382 2323
22770547 1348
29426519 1938
1892542786 4728
-1944274865 2477
-135723165 4995
-136471158 5929
1706364988 4112
110111472 4948
-407244723 4816
-813975194 3389
74025145 2228
-2041248282 2798
-96771459 4037
641296327 140
636808422 5747
844028352 4337
2121873691 3629
-1167307644 1404
666278655 3474
1525718925 5374
-418224417 5257
855751595 2739
-1782198334 5490
-1335554695 2917
281408381 2598
-203799826 6319
536154638 922
1081391265 2351
1547112077 1730
-1512198494 6248
551239112 1285
1974207085 5592
112427195 5740
719268348 1662
1691163181 4272
1664499410 6317
-1078673830 5762
1922222970 171
-1956885168 4442
1911869463 6378
206525222 2193
-1241414322 1492
-2140468685 5771
519892518 5574
-1972704773 5658
337714217 487
552631318 619
1296363956 5268
357810550 2288
920717915 5622
-1448424333 616
-120228539 301
-413450294 1186
1269459345 1648
1940104343 6228
-653460159 4989
-487924004 2090
1835246036 2004
1825679341 2820
413028921 3308
-1550411124 5825
-277408268 5763
-2074685678 4761
786223767 1776
628436127 2388
1572053514 3016
998611725 3226
-2059038855 1290
668378555 6256
-192765905 2194
2147189774 4481
-1805659123 1567
1855376419 5511
821997925 1659
-1128536153 4220
-44667425 2664
-186397341 1187
-315673987 2680
-1932993858 4329
1890848646 3070
2071978054 418
1256103124 4652
738326154 2644
