32212254
42949672
53687090
64424508
75161926
85899344
96636762
107374180
118111598
128849016
139586434
150323852
161061270
171798688
182536106
193273524
204010942
214748360
225485778
236223196
246960614
257698032
268435450
279172868
289910286
300647704
311385122
322122540
332859958
343597376
354334794
365072212
375809630
386547048
397284466
408021884
418759302
429496720
440234138
450971556
461708974
472446392
483183810
493921228
504658646
515396064
526133482
536870900
547608318
558345736
569083154
579820572
590557990
601295408
612032826
622770244
633507662
644245080
654982498
665719916
676457334
687194752
697932170
708669588
719407006
730144424
740881842
751619260
762356678
773094096
783831514
794568932
805306350
816043768
826781186
837518604
848256022
858993440
869730858
880468276
891205694
901943112
912680530
923417948
934155366
944892784
955630202
966367620
977105038
987842456
998579874
1009317292
1020054710
1030792128
1041529546
1052266964
1063004382
1073741800
1084479218
1095216636
